/*************************************************
 * Istanza Generata Random
 * N (Incroci) = 130
 * K (Modelli) = 5
 *************************************************/

N = 130;
K = 5;

P = [78, 53, 79, 32, 92];
R = [33, 5, 1, 25, 11];
A = [5, 2, 5, 6, 3];
C = [2.12, 4.88, 4.79, 9.2, 6.72];

M = [
  [0, 45, 75, 28, 39, 50, 24, 77, 63, 26, 17, 18, 14, 67, 51, 30, 15, 29, 37, 27, 18, 6, 8, 43, 46, 33, 84, 90, 24, 48, 96, 9, 55, 38, 96, 48, 5, 47, 13, 40, 73, 97, 83, 8, 16, 35, 53, 26, 12, 45, 30, 77, 7, 79, 19, 19, 13, 19, 85, 12, 50, 95, 9, 92, 26, 26, 97, 4, 28, 23, 81, 65, 41, 4, 86, 32, 18, 26, 29, 36, 38, 16, 18, 46, 37, 28, 10, 2, 92, 12, 49, 9, 86, 98, 49, 36, 54, 7, 14, 35, 76, 35, 9, 40, 72, 84, 69, 48, 41, 8, 18, 37, 48, 21, 15, 44, 50, 17, 70, 92, 92, 6, 71, 91, 51, 16, 5, 82, 24, 12],
  [45, 0, 39, 93, 28, 48, 85, 2, 25, 12, 44, 40, 37, 47, 77, 27, 44, 11, 50, 44, 47, 74, 12, 27, 56, 10, 49, 3, 55, 90, 98, 26, 16, 1, 46, 18, 26, 25, 53, 28, 42, 7, 77, 24, 26, 25, 50, 71, 88, 36, 80, 36, 36, 48, 31, 26, 11, 6, 43, 75, 21, 18, 84, 91, 46, 15, 32, 15, 92, 5, 56, 53, 11, 46, 85, 32, 20, 38, 19, 1, 91, 53, 16, 18, 3, 86, 80, 19, 40, 38, 75, 80, 32, 43, 53, 48, 69, 3, 5, 7, 55, 8, 74, 45, 33, 26, 23, 14, 16, 48, 49, 7, 36, 72, 98, 60, 36, 86, 27, 32, 7, 76, 19, 3, 94, 11, 5, 30, 1, 36],
  [75, 39, 0, 46, 95, 3, 100, 62, 85, 77, 79, 3, 61, 74, 65, 23, 20, 4, 82, 54, 29, 14, 49, 17, 40, 46, 4, 44, 18, 92, 18, 24, 3, 68, 31, 98, 37, 9, 86, 31, 15, 46, 47, 73, 90, 30, 41, 97, 60, 25, 78, 10, 15, 82, 26, 22, 2, 78, 75, 8, 42, 8, 45, 77, 3, 40, 29, 92, 12, 89, 15, 8, 77, 67, 51, 48, 22, 78, 32, 88, 62, 34, 45, 14, 41, 57, 32, 88, 37, 6, 34, 31, 49, 47, 29, 7, 38, 43, 68, 8, 70, 11, 40, 28, 39, 15, 51, 97, 20, 35, 27, 31, 21, 27, 56, 22, 8, 77, 79, 77, 7, 48, 47, 18, 59, 79, 37, 37, 91, 4],
  [28, 93, 46, 0, 29, 18, 78, 44, 46, 96, 81, 48, 7, 36, 15, 15, 13, 81, 11, 38, 43, 42, 47, 100, 17, 18, 9, 47, 25, 30, 43, 83, 27, 94, 34, 63, 14, 27, 49, 22, 46, 37, 14, 12, 92, 3, 48, 92, 7, 1, 26, 74, 18, 32, 8, 46, 72, 14, 7, 90, 45, 83, 20, 47, 40, 23, 21, 28, 76, 12, 39, 17, 10, 48, 49, 37, 43, 55, 37, 98, 85, 94, 17, 39, 23, 23, 62, 16, 34, 5, 40, 19, 39, 88, 37, 35, 19, 23, 9, 76, 25, 59, 45, 25, 35, 15, 64, 24, 69, 18, 5, 10, 47, 41, 2, 3, 65, 27, 65, 12, 100, 39, 66, 42, 29, 15, 56, 91, 68, 26],
  [39, 28, 95, 29, 0, 87, 12, 42, 36, 2, 94, 18, 2, 71, 10, 92, 36, 23, 72, 27, 70, 91, 25, 62, 27, 10, 15, 46, 15, 15, 31, 38, 10, 10, 10, 14, 5, 5, 61, 20, 92, 14, 92, 96, 92, 3, 49, 48, 8, 32, 81, 34, 67, 3, 26, 20, 13, 45, 10, 9, 49, 50, 9, 2, 64, 92, 22, 45, 4, 3, 7, 18, 41, 71, 37, 4, 18, 24, 93, 26, 40, 100, 61, 46, 74, 86, 42, 81, 13, 49, 52, 38, 36, 24, 61, 97, 48, 40, 6, 50, 43, 18, 76, 29, 2, 32, 18, 42, 45, 19, 60, 17, 33, 49, 7, 96, 80, 69, 15, 16, 64, 42, 50, 47, 16, 29, 80, 29, 81, 9],
  [50, 48, 3, 18, 87, 0, 10, 5, 57, 40, 85, 91, 56, 9, 23, 95, 39, 2, 12, 69, 45, 29, 4, 15, 79, 9, 72, 23, 53, 40, 47, 2, 41, 13, 91, 51, 54, 9, 60, 32, 46, 89, 28, 31, 11, 45, 27, 55, 4, 1, 27, 44, 91, 42, 24, 30, 7, 3, 6, 35, 40, 29, 31, 97, 27, 17, 81, 31, 87, 45, 24, 80, 28, 20, 34, 41, 41, 31, 8, 24, 33, 75, 77, 29, 64, 85, 82, 26, 30, 37, 47, 20, 39, 72, 11, 89, 23, 44, 17, 38, 48, 2, 43, 29, 66, 27, 16, 36, 28, 21, 23, 18, 46, 33, 39, 46, 85, 63, 28, 16, 2, 75, 11, 20, 38, 1, 88, 38, 49, 55],
  [24, 85, 100, 78, 12, 10, 0, 39, 1, 16, 48, 33, 21, 93, 52, 38, 59, 47, 15, 49, 39, 10, 20, 98, 32, 20, 37, 20, 8, 9, 9, 10, 49, 44, 68, 8, 83, 31, 48, 20, 37, 19, 1, 44, 44, 13, 13, 37, 18, 10, 37, 42, 88, 23, 20, 66, 83, 16, 5, 43, 55, 50, 71, 23, 48, 37, 10, 4, 32, 66, 32, 9, 82, 43, 39, 95, 32, 63, 73, 93, 15, 35, 21, 44, 37, 41, 14, 34, 42, 15, 21, 6, 52, 25, 8, 29, 77, 89, 5, 10, 48, 1, 48, 15, 26, 13, 65, 83, 18, 11, 39, 7, 27, 18, 22, 45, 96, 100, 16, 21, 79, 36, 88, 69, 18, 12, 47, 24, 42, 70],
  [77, 2, 62, 44, 42, 5, 39, 0, 65, 69, 78, 69, 37, 35, 46, 67, 3, 11, 39, 25, 66, 42, 9, 22, 20, 46, 40, 31, 92, 92, 86, 37, 23, 44, 74, 23, 25, 37, 20, 8, 42, 42, 24, 60, 41, 74, 45, 42, 79, 45, 98, 28, 97, 96, 78, 96, 26, 16, 24, 29, 21, 21, 54, 99, 83, 71, 12, 98, 24, 3, 7, 95, 59, 22, 30, 1, 65, 22, 49, 20, 43, 44, 87, 13, 12, 28, 36, 21, 42, 15, 29, 21, 42, 76, 29, 87, 40, 67, 35, 76, 53, 24, 19, 57, 33, 25, 29, 38, 25, 28, 36, 1, 67, 47, 75, 40, 42, 45, 11, 28, 20, 82, 30, 100, 82, 41, 30, 52, 38, 84],
  [63, 25, 85, 46, 36, 57, 1, 65, 0, 32, 87, 51, 26, 6, 9, 73, 73, 24, 29, 27, 71, 39, 22, 61, 21, 36, 72, 27, 15, 22, 63, 98, 58, 55, 16, 34, 69, 32, 24, 87, 1, 30, 19, 39, 34, 75, 76, 12, 30, 9, 10, 86, 31, 48, 16, 16, 69, 40, 36, 37, 49, 77, 69, 46, 85, 92, 3, 11, 59, 38, 82, 2, 92, 43, 33, 15, 3, 16, 22, 97, 75, 91, 81, 92, 40, 24, 64, 33, 22, 45, 30, 9, 83, 35, 9, 85, 22, 44, 30, 24, 2, 32, 11, 30, 46, 61, 27, 34, 54, 11, 9, 6, 63, 36, 84, 29, 77, 8, 18, 43, 2, 36, 29, 24, 79, 11, 43, 41, 17, 2],
  [26, 12, 77, 96, 2, 40, 16, 69, 32, 0, 1, 78, 99, 19, 16, 51, 86, 57, 93, 24, 59, 68, 14, 55, 56, 48, 41, 11, 24, 8, 89, 89, 24, 44, 35, 46, 50, 63, 7, 15, 23, 33, 15, 36, 49, 17, 21, 79, 9, 16, 11, 76, 17, 9, 4, 7, 95, 18, 78, 19, 16, 10, 6, 34, 7, 2, 8, 20, 13, 57, 86, 33, 14, 22, 88, 10, 31, 69, 85, 6, 10, 1, 46, 39, 81, 13, 36, 98, 87, 71, 39, 81, 43, 13, 19, 44, 43, 81, 2, 62, 37, 75, 3, 27, 71, 30, 11, 99, 5, 4, 15, 31, 46, 3, 28, 16, 30, 11, 16, 33, 41, 42, 21, 87, 59, 29, 45, 9, 32, 42],
  [17, 44, 79, 81, 94, 85, 48, 78, 87, 1, 0, 43, 22, 61, 26, 53, 16, 96, 44, 22, 46, 14, 15, 82, 56, 96, 36, 36, 25, 43, 12, 35, 71, 47, 58, 96, 18, 38, 51, 27, 36, 97, 5, 82, 99, 40, 28, 34, 70, 69, 49, 5, 28, 33, 5, 81, 73, 8, 27, 1, 56, 29, 37, 16, 92, 15, 71, 94, 4, 53, 74, 54, 75, 21, 46, 38, 39, 6, 64, 87, 43, 2, 32, 44, 4, 47, 74, 12, 38, 9, 36, 1, 29, 27, 63, 14, 18, 37, 38, 55, 24, 13, 47, 42, 8, 30, 66, 10, 62, 26, 48, 14, 20, 20, 31, 76, 11, 73, 44, 9, 68, 11, 74, 18, 95, 24, 37, 8, 8, 37],
  [18, 40, 3, 48, 18, 91, 33, 69, 51, 78, 43, 0, 8, 66, 34, 64, 32, 33, 72, 66, 72, 8, 18, 66, 79, 74, 85, 71, 42, 89, 54, 41, 11, 46, 13, 10, 35, 23, 31, 49, 31, 91, 5, 11, 36, 66, 36, 90, 1, 48, 6, 46, 41, 44, 19, 41, 25, 78, 44, 30, 39, 18, 75, 42, 30, 11, 21, 18, 80, 1, 62, 88, 33, 6, 75, 69, 77, 35, 54, 32, 68, 97, 17, 19, 18, 30, 50, 2, 28, 10, 84, 17, 94, 89, 9, 48, 20, 20, 13, 18, 16, 52, 31, 19, 84, 93, 39, 44, 45, 11, 64, 84, 88, 79, 28, 79, 11, 23, 44, 52, 44, 52, 59, 37, 36, 7, 32, 100, 85, 28],
  [14, 37, 61, 7, 2, 56, 21, 37, 26, 99, 22, 8, 0, 4, 31, 94, 45, 52, 4, 82, 79, 75, 11, 96, 1, 76, 32, 43, 43, 34, 47, 6, 63, 20, 90, 20, 35, 31, 14, 76, 44, 41, 11, 43, 51, 93, 17, 18, 11, 45, 14, 28, 44, 41, 80, 77, 40, 24, 24, 56, 38, 71, 51, 8, 59, 73, 4, 62, 15, 73, 32, 91, 38, 21, 25, 17, 27, 83, 1, 10, 81, 47, 23, 24, 32, 34, 12, 10, 88, 21, 31, 32, 17, 92, 22, 54, 27, 69, 4, 32, 18, 42, 6, 30, 81, 14, 36, 28, 9, 72, 1, 49, 48, 44, 44, 37, 48, 29, 24, 32, 19, 21, 15, 6, 28, 58, 14, 28, 43, 10],
  [67, 47, 74, 36, 71, 9, 93, 35, 6, 19, 61, 66, 4, 0, 27, 88, 27, 97, 30, 45, 6, 52, 9, 44, 36, 94, 40, 16, 15, 66, 48, 6, 49, 24, 5, 33, 78, 40, 42, 21, 11, 8, 33, 27, 45, 29, 2, 21, 25, 75, 61, 92, 23, 45, 44, 32, 99, 33, 37, 100, 31, 21, 62, 53, 41, 31, 37, 76, 10, 64, 35, 16, 23, 12, 93, 18, 35, 34, 86, 42, 67, 2, 32, 83, 53, 19, 32, 51, 38, 60, 12, 38, 21, 5, 10, 1, 97, 14, 37, 24, 13, 8, 13, 35, 32, 49, 17, 43, 39, 35, 10, 19, 3, 77, 5, 29, 12, 27, 5, 47, 7, 47, 80, 25, 26, 65, 45, 100, 24, 66],
  [51, 77, 65, 15, 10, 23, 52, 46, 9, 16, 26, 34, 31, 27, 0, 38, 96, 39, 100, 16, 86, 49, 78, 53, 24, 32, 94, 31, 35, 6, 95, 82, 47, 6, 39, 28, 33, 13, 31, 25, 79, 5, 25, 51, 41, 81, 44, 21, 2, 70, 26, 47, 45, 24, 45, 40, 11, 66, 23, 69, 14, 44, 46, 22, 73, 52, 4, 82, 30, 41, 36, 75, 26, 31, 17, 26, 9, 80, 8, 1, 51, 41, 27, 42, 17, 41, 45, 1, 29, 31, 35, 91, 15, 19, 51, 19, 87, 36, 23, 88, 95, 34, 17, 70, 71, 1, 36, 47, 35, 1, 82, 37, 7, 61, 19, 45, 38, 88, 60, 62, 72, 96, 93, 51, 5, 53, 93, 32, 2, 51],
  [30, 27, 23, 15, 92, 95, 38, 67, 73, 51, 53, 64, 94, 88, 38, 0, 40, 45, 89, 19, 72, 12, 88, 21, 27, 49, 60, 27, 13, 4, 31, 83, 22, 21, 72, 20, 6, 47, 8, 75, 34, 8, 53, 3, 49, 12, 15, 78, 37, 82, 45, 12, 80, 48, 30, 4, 5, 4, 23, 49, 24, 15, 6, 18, 80, 28, 35, 44, 35, 100, 9, 25, 13, 28, 91, 9, 6, 96, 36, 21, 47, 99, 47, 89, 17, 24, 20, 85, 5, 50, 18, 96, 34, 98, 2, 73, 26, 47, 6, 80, 23, 2, 2, 39, 4, 48, 9, 49, 97, 50, 23, 72, 19, 42, 75, 23, 15, 15, 21, 30, 3, 17, 11, 8, 89, 58, 58, 38, 47, 8],
  [15, 44, 20, 13, 36, 39, 59, 3, 73, 86, 16, 32, 45, 27, 96, 40, 0, 98, 11, 26, 11, 35, 86, 45, 4, 40, 79, 6, 24, 42, 49, 17, 1, 16, 11, 41, 11, 22, 24, 44, 91, 53, 8, 11, 56, 34, 18, 12, 37, 90, 23, 14, 39, 30, 94, 79, 24, 73, 98, 5, 12, 31, 7, 11, 63, 41, 93, 14, 43, 20, 6, 5, 89, 56, 17, 36, 31, 12, 30, 91, 61, 61, 19, 47, 76, 15, 24, 87, 15, 34, 18, 16, 15, 22, 17, 20, 78, 42, 28, 16, 30, 22, 18, 92, 42, 88, 30, 77, 17, 20, 41, 25, 48, 10, 28, 57, 11, 9, 14, 79, 2, 40, 19, 51, 60, 7, 2, 24, 13, 14],
  [29, 11, 4, 81, 23, 2, 47, 11, 24, 57, 96, 33, 52, 97, 39, 45, 98, 0, 52, 15, 41, 89, 30, 39, 71, 5, 96, 60, 5, 36, 47, 13, 44, 47, 43, 34, 6, 30, 38, 6, 86, 27, 70, 89, 87, 8, 88, 74, 17, 39, 85, 64, 26, 32, 39, 30, 25, 85, 8, 23, 10, 30, 7, 53, 91, 1, 7, 14, 15, 15, 24, 21, 65, 33, 32, 79, 30, 88, 52, 48, 7, 49, 29, 1, 35, 52, 74, 4, 59, 98, 20, 38, 53, 17, 78, 3, 97, 5, 29, 5, 57, 12, 26, 20, 75, 57, 92, 85, 17, 42, 46, 4, 70, 22, 96, 17, 7, 74, 99, 33, 100, 78, 15, 12, 12, 16, 74, 24, 97, 13],
  [37, 50, 82, 11, 72, 12, 15, 39, 29, 93, 44, 72, 4, 30, 100, 89, 11, 52, 0, 37, 34, 49, 43, 78, 13, 12, 88, 46, 7, 65, 95, 79, 36, 1, 88, 7, 59, 43, 14, 2, 5, 64, 86, 1, 46, 79, 13, 69, 16, 19, 42, 63, 47, 36, 25, 41, 87, 2, 84, 51, 36, 46, 8, 53, 33, 16, 86, 45, 92, 17, 29, 45, 1, 10, 15, 47, 34, 28, 29, 1, 39, 22, 61, 43, 5, 49, 2, 44, 38, 28, 32, 80, 14, 88, 86, 41, 5, 7, 27, 64, 42, 21, 6, 23, 11, 36, 86, 20, 37, 87, 45, 87, 83, 21, 24, 5, 41, 22, 31, 47, 17, 18, 3, 11, 98, 49, 8, 5, 5, 81],
  [27, 44, 54, 38, 27, 69, 49, 25, 27, 24, 22, 66, 82, 45, 16, 19, 26, 15, 37, 0, 80, 89, 63, 21, 43, 68, 100, 41, 66, 29, 48, 40, 27, 41, 9, 3, 22, 50, 14, 62, 9, 9, 63, 9, 34, 17, 29, 29, 91, 68, 10, 1, 41, 2, 11, 58, 80, 4, 29, 34, 26, 63, 38, 91, 79, 26, 39, 27, 6, 24, 39, 57, 43, 35, 31, 55, 9, 44, 60, 1, 20, 40, 10, 64, 1, 44, 23, 16, 39, 9, 52, 3, 73, 21, 6, 8, 36, 23, 19, 2, 48, 82, 31, 48, 25, 69, 99, 8, 60, 43, 19, 31, 28, 19, 29, 44, 28, 60, 54, 32, 62, 80, 63, 50, 67, 11, 25, 26, 79, 10],
  [18, 47, 29, 43, 70, 45, 39, 66, 71, 59, 46, 72, 79, 6, 86, 72, 11, 41, 34, 80, 0, 4, 18, 73, 17, 94, 3, 39, 29, 29, 67, 32, 59, 27, 24, 87, 72, 32, 39, 32, 34, 2, 51, 85, 1, 23, 39, 9, 66, 35, 88, 43, 10, 55, 23, 42, 38, 65, 59, 92, 90, 41, 17, 61, 81, 7, 52, 11, 74, 44, 26, 74, 43, 44, 2, 20, 6, 82, 10, 35, 95, 14, 8, 18, 9, 33, 45, 36, 19, 15, 95, 9, 55, 41, 19, 62, 1, 39, 14, 19, 47, 34, 9, 26, 32, 27, 13, 1, 15, 55, 33, 31, 32, 26, 30, 7, 74, 16, 29, 81, 26, 15, 6, 48, 32, 13, 39, 66, 11, 68],
  [6, 74, 14, 42, 91, 29, 10, 42, 39, 68, 14, 8, 75, 52, 49, 12, 35, 89, 49, 89, 4, 0, 47, 9, 43, 51, 42, 8, 36, 25, 97, 79, 80, 72, 91, 74, 100, 20, 7, 95, 1, 21, 19, 34, 9, 62, 27, 15, 23, 69, 32, 18, 91, 32, 77, 26, 42, 16, 21, 7, 28, 19, 24, 19, 73, 12, 59, 10, 29, 63, 72, 51, 45, 99, 75, 48, 42, 53, 48, 22, 8, 93, 37, 45, 89, 8, 60, 19, 33, 52, 8, 69, 68, 56, 13, 81, 78, 43, 29, 26, 45, 22, 49, 40, 60, 41, 16, 9, 92, 20, 1, 8, 38, 69, 21, 21, 13, 2, 31, 37, 36, 96, 49, 46, 100, 76, 37, 26, 8, 38],
  [8, 12, 49, 47, 25, 4, 20, 9, 22, 14, 15, 18, 11, 9, 78, 88, 86, 30, 43, 63, 18, 47, 0, 80, 31, 67, 99, 43, 48, 62, 2, 71, 32, 48, 47, 12, 71, 16, 48, 38, 68, 88, 36, 31, 15, 59, 45, 1, 51, 55, 90, 32, 30, 4, 9, 28, 26, 77, 15, 47, 52, 68, 41, 61, 3, 46, 2, 7, 14, 46, 24, 29, 34, 2, 58, 12, 80, 53, 12, 56, 31, 65, 51, 42, 91, 35, 15, 20, 84, 40, 66, 66, 36, 1, 45, 44, 35, 88, 32, 19, 23, 21, 22, 32, 24, 32, 59, 44, 73, 55, 72, 3, 22, 45, 18, 81, 42, 5, 65, 19, 36, 69, 89, 46, 80, 36, 48, 97, 6, 17],
  [43, 27, 17, 100, 62, 15, 98, 22, 61, 55, 82, 66, 96, 44, 53, 21, 45, 39, 78, 21, 73, 9, 80, 0, 43, 24, 75, 21, 1, 36, 23, 82, 32, 83, 37, 50, 40, 40, 34, 13, 24, 13, 9, 34, 2, 2, 19, 44, 15, 22, 50, 20, 10, 19, 23, 95, 47, 43, 34, 2, 56, 58, 21, 46, 32, 77, 14, 75, 98, 5, 4, 8, 32, 68, 23, 40, 28, 29, 16, 21, 97, 29, 30, 43, 30, 21, 13, 8, 5, 27, 36, 56, 29, 12, 52, 12, 93, 1, 98, 30, 3, 32, 45, 1, 67, 30, 43, 18, 29, 34, 12, 74, 54, 33, 12, 83, 45, 12, 94, 3, 11, 55, 71, 29, 25, 70, 42, 24, 78, 2],
  [46, 56, 40, 17, 27, 79, 32, 20, 21, 56, 56, 79, 1, 36, 24, 27, 4, 71, 13, 43, 17, 43, 31, 43, 0, 4, 14, 37, 58, 43, 38, 92, 74, 50, 16, 2, 32, 25, 82, 40, 7, 31, 1, 28, 45, 50, 23, 41, 26, 61, 31, 10, 43, 23, 63, 13, 61, 49, 56, 85, 45, 97, 77, 54, 93, 65, 28, 50, 14, 44, 33, 18, 52, 73, 23, 2, 81, 79, 8, 33, 76, 48, 87, 62, 47, 40, 22, 50, 18, 59, 99, 39, 36, 97, 36, 29, 8, 26, 68, 49, 22, 25, 36, 34, 9, 19, 65, 22, 13, 38, 32, 36, 93, 82, 93, 3, 71, 100, 45, 33, 34, 27, 90, 41, 12, 9, 73, 38, 39, 58],
  [33, 10, 46, 18, 10, 9, 20, 46, 36, 48, 96, 74, 76, 94, 32, 49, 40, 5, 12, 68, 94, 51, 67, 24, 4, 0, 45, 52, 43, 49, 26, 43, 83, 16, 10, 38, 34, 56, 1, 8, 78, 26, 45, 17, 37, 38, 46, 58, 48, 36, 61, 1, 37, 64, 74, 38, 92, 18, 86, 15, 8, 47, 15, 14, 69, 35, 46, 98, 69, 42, 23, 11, 8, 81, 29, 98, 38, 24, 39, 44, 88, 1, 4, 25, 33, 41, 6, 42, 61, 71, 77, 75, 38, 16, 66, 12, 51, 1, 12, 22, 71, 18, 33, 98, 16, 41, 3, 53, 39, 73, 26, 79, 72, 96, 17, 19, 88, 6, 79, 33, 40, 7, 84, 9, 49, 10, 41, 79, 75, 9],
  [84, 49, 4, 9, 15, 72, 37, 40, 72, 41, 36, 85, 32, 40, 94, 60, 79, 96, 88, 100, 3, 42, 99, 75, 14, 45, 0, 82, 87, 71, 99, 25, 77, 7, 4, 44, 38, 6, 96, 30, 19, 28, 12, 52, 5, 88, 37, 35, 2, 3, 81, 15, 26, 8, 26, 70, 36, 2, 91, 85, 5, 1, 67, 88, 8, 96, 27, 84, 76, 11, 34, 92, 3, 98, 2, 27, 34, 30, 3, 86, 85, 17, 31, 11, 60, 23, 16, 26, 3, 93, 32, 43, 73, 45, 30, 8, 56, 78, 8, 34, 26, 42, 3, 27, 13, 22, 1, 42, 47, 56, 71, 8, 23, 40, 67, 38, 1, 70, 90, 96, 22, 50, 73, 38, 32, 17, 6, 16, 32, 12],
  [90, 3, 44, 47, 46, 23, 20, 31, 27, 11, 36, 71, 43, 16, 31, 27, 6, 60, 46, 41, 39, 8, 43, 21, 37, 52, 82, 0, 27, 99, 2, 43, 77, 34, 99, 50, 14, 48, 20, 28, 22, 19, 99, 81, 40, 38, 25, 31, 55, 56, 70, 55, 39, 48, 27, 13, 45, 17, 25, 32, 28, 47, 28, 47, 38, 20, 10, 42, 51, 89, 62, 1, 29, 45, 6, 38, 53, 51, 31, 90, 67, 18, 17, 10, 40, 80, 28, 26, 11, 32, 31, 45, 93, 67, 17, 56, 45, 2, 8, 89, 36, 54, 10, 54, 86, 53, 4, 2, 48, 55, 8, 13, 46, 4, 58, 49, 14, 56, 28, 26, 97, 8, 78, 23, 19, 11, 19, 41, 4, 20],
  [24, 55, 18, 25, 15, 53, 8, 92, 15, 24, 25, 42, 43, 15, 35, 13, 24, 5, 7, 66, 29, 36, 48, 1, 58, 43, 87, 27, 0, 91, 27, 47, 15, 91, 5, 18, 20, 23, 34, 14, 97, 44, 27, 53, 98, 35, 17, 95, 5, 58, 48, 40, 7, 76, 10, 40, 76, 68, 10, 2, 85, 24, 62, 43, 8, 40, 42, 12, 3, 10, 33, 1, 60, 75, 64, 27, 14, 7, 36, 4, 8, 64, 11, 36, 53, 20, 40, 80, 6, 24, 31, 7, 8, 30, 56, 36, 73, 40, 16, 10, 53, 27, 81, 15, 61, 27, 10, 44, 20, 43, 22, 77, 28, 41, 49, 39, 75, 22, 25, 91, 54, 14, 47, 27, 37, 56, 7, 25, 54, 87],
  [48, 90, 92, 30, 15, 40, 9, 92, 22, 8, 43, 89, 34, 66, 6, 4, 42, 36, 65, 29, 29, 25, 62, 36, 43, 49, 71, 99, 91, 0, 12, 21, 38, 58, 12, 86, 20, 32, 6, 54, 18, 8, 73, 28, 38, 56, 10, 34, 75, 18, 37, 32, 21, 4, 25, 45, 88, 73, 75, 6, 79, 19, 13, 61, 63, 36, 10, 37, 54, 97, 77, 4, 17, 31, 34, 24, 16, 7, 98, 35, 9, 47, 17, 67, 30, 21, 45, 15, 13, 53, 8, 18, 26, 46, 43, 64, 14, 6, 47, 17, 22, 5, 94, 2, 90, 19, 59, 20, 1, 43, 82, 89, 36, 50, 34, 9, 95, 65, 58, 15, 96, 95, 36, 40, 3, 61, 13, 78, 28, 23],
  [96, 98, 18, 43, 31, 47, 9, 86, 63, 89, 12, 54, 47, 48, 95, 31, 49, 47, 95, 48, 67, 97, 2, 23, 38, 26, 99, 2, 27, 12, 0, 39, 47, 25, 6, 23, 25, 21, 41, 41, 39, 18, 8, 74, 12, 35, 76, 45, 28, 60, 35, 74, 18, 35, 14, 20, 27, 47, 70, 77, 29, 92, 78, 99, 83, 17, 50, 42, 15, 46, 92, 17, 25, 49, 57, 73, 24, 25, 73, 34, 48, 40, 32, 45, 37, 27, 21, 81, 7, 27, 55, 26, 10, 23, 34, 2, 14, 94, 33, 18, 24, 44, 5, 35, 33, 40, 14, 55, 64, 40, 7, 95, 76, 77, 7, 89, 65, 87, 13, 62, 16, 64, 8, 25, 41, 84, 36, 10, 15, 20],
  [9, 26, 24, 83, 38, 2, 10, 37, 98, 89, 35, 41, 6, 6, 82, 83, 17, 13, 79, 40, 32, 79, 71, 82, 92, 43, 25, 43, 47, 21, 39, 0, 42, 4, 32, 21, 99, 43, 9, 7, 20, 94, 87, 18, 28, 11, 71, 45, 59, 29, 80, 93, 47, 5, 4, 94, 5, 15, 59, 99, 62, 7, 76, 47, 1, 48, 28, 39, 79, 76, 49, 25, 34, 3, 45, 36, 97, 35, 72, 11, 35, 33, 88, 18, 23, 22, 1, 18, 43, 96, 34, 24, 27, 27, 75, 2, 70, 84, 1, 77, 23, 14, 30, 66, 8, 9, 16, 75, 66, 71, 59, 22, 24, 17, 88, 46, 62, 41, 15, 12, 19, 91, 48, 4, 1, 77, 10, 29, 4, 6],
  [55, 16, 3, 27, 10, 41, 49, 23, 58, 24, 71, 11, 63, 49, 47, 22, 1, 44, 36, 27, 59, 80, 32, 32, 74, 83, 77, 77, 15, 38, 47, 42, 0, 47, 9, 38, 99, 50, 91, 26, 33, 19, 63, 39, 13, 44, 13, 26, 4, 88, 2, 22, 41, 14, 5, 53, 100, 30, 26, 31, 38, 65, 29, 33, 17, 40, 48, 30, 83, 20, 15, 49, 41, 38, 42, 21, 20, 71, 17, 16, 87, 28, 29, 12, 31, 21, 16, 25, 2, 1, 98, 36, 63, 20, 19, 66, 46, 51, 37, 15, 42, 45, 69, 73, 32, 95, 44, 35, 44, 62, 39, 42, 71, 43, 69, 2, 89, 58, 4, 46, 84, 100, 35, 37, 34, 64, 42, 64, 22, 19],
  [38, 1, 68, 94, 10, 13, 44, 44, 55, 44, 47, 46, 20, 24, 6, 21, 16, 47, 1, 41, 27, 72, 48, 83, 50, 16, 7, 34, 91, 58, 25, 4, 47, 0, 4, 15, 34, 39, 2, 34, 68, 41, 8, 97, 46, 43, 67, 91, 68, 49, 70, 21, 29, 18, 9, 13, 23, 81, 6, 3, 18, 26, 34, 53, 13, 57, 32, 49, 83, 42, 94, 81, 58, 43, 80, 73, 77, 25, 58, 54, 3, 16, 55, 67, 83, 27, 3, 99, 9, 20, 44, 30, 70, 75, 11, 78, 80, 5, 5, 63, 40, 41, 23, 25, 20, 49, 86, 16, 36, 60, 15, 38, 88, 5, 26, 69, 52, 20, 90, 9, 7, 25, 45, 24, 7, 62, 72, 12, 46, 29],
  [96, 46, 31, 34, 10, 91, 68, 74, 16, 35, 58, 13, 90, 5, 39, 72, 11, 43, 88, 9, 24, 91, 47, 37, 16, 10, 4, 99, 5, 12, 6, 32, 9, 4, 0, 18, 44, 4, 8, 35, 10, 95, 79, 36, 8, 48, 74, 83, 81, 2, 44, 42, 38, 44, 46, 39, 13, 39, 47, 3, 34, 18, 2, 17, 54, 40, 32, 30, 34, 40, 93, 27, 8, 28, 26, 31, 71, 4, 27, 41, 40, 95, 24, 43, 66, 37, 54, 16, 72, 9, 31, 3, 23, 16, 72, 38, 64, 19, 23, 50, 35, 69, 52, 91, 53, 13, 39, 39, 41, 45, 55, 49, 25, 95, 17, 6, 53, 54, 33, 22, 40, 4, 46, 29, 1, 59, 52, 97, 89, 24],
  [48, 18, 98, 63, 14, 51, 8, 23, 34, 46, 96, 10, 20, 33, 28, 20, 41, 34, 7, 3, 87, 74, 12, 50, 2, 38, 44, 50, 18, 86, 23, 21, 38, 15, 18, 0, 49, 5, 22, 87, 62, 52, 78, 90, 30, 41, 35, 70, 58, 7, 33, 21, 46, 43, 78, 21, 37, 19, 15, 45, 43, 77, 77, 77, 37, 43, 49, 2, 80, 13, 2, 28, 44, 34, 99, 16, 1, 40, 5, 17, 29, 51, 35, 87, 37, 36, 86, 6, 19, 24, 19, 5, 69, 46, 50, 40, 10, 98, 89, 33, 9, 68, 32, 87, 33, 47, 81, 6, 93, 8, 18, 43, 41, 9, 61, 7, 79, 43, 13, 38, 17, 25, 4, 44, 91, 82, 23, 40, 3, 90],
  [5, 26, 37, 14, 5, 54, 83, 25, 69, 50, 18, 35, 35, 78, 33, 6, 11, 6, 59, 22, 72, 100, 71, 40, 32, 34, 38, 14, 20, 20, 25, 99, 99, 34, 44, 49, 0, 23, 84, 66, 7, 30, 3, 8, 33, 1, 4, 49, 18, 2, 27, 19, 26, 91, 94, 40, 11, 8, 1, 25, 29, 26, 33, 7, 42, 19, 24, 25, 49, 28, 11, 96, 18, 28, 36, 15, 17, 7, 59, 12, 73, 88, 45, 67, 85, 34, 60, 3, 28, 27, 96, 31, 42, 39, 86, 11, 32, 98, 10, 79, 20, 67, 53, 50, 14, 96, 26, 45, 22, 30, 5, 74, 31, 57, 61, 35, 25, 11, 36, 16, 19, 48, 13, 44, 17, 28, 27, 3, 27, 30],
  [47, 25, 9, 27, 5, 9, 31, 37, 32, 63, 38, 23, 31, 40, 13, 47, 22, 30, 43, 50, 32, 20, 16, 40, 25, 56, 6, 48, 23, 32, 21, 43, 50, 39, 4, 5, 23, 0, 68, 19, 61, 15, 29, 6, 46, 18, 23, 90, 18, 88, 39, 37, 16, 21, 29, 87, 39, 25, 34, 44, 19, 28, 26, 94, 6, 9, 8, 41, 84, 44, 38, 51, 85, 16, 49, 5, 45, 42, 58, 78, 6, 39, 16, 35, 39, 37, 23, 33, 34, 23, 34, 27, 28, 65, 37, 26, 12, 22, 47, 11, 98, 39, 5, 34, 22, 19, 43, 86, 93, 9, 56, 58, 4, 12, 65, 17, 68, 96, 34, 23, 45, 31, 62, 98, 8, 51, 34, 78, 68, 6],
  [13, 53, 86, 49, 61, 60, 48, 20, 24, 7, 51, 31, 14, 42, 31, 8, 24, 38, 14, 14, 39, 7, 48, 34, 82, 1, 96, 20, 34, 6, 41, 9, 91, 2, 8, 22, 84, 68, 0, 35, 48, 45, 83, 91, 43, 45, 44, 24, 16, 35, 2, 20, 71, 40, 87, 55, 19, 64, 40, 12, 19, 77, 77, 49, 4, 9, 97, 34, 10, 20, 71, 30, 15, 21, 6, 96, 70, 3, 30, 19, 91, 36, 85, 63, 10, 20, 78, 22, 31, 38, 88, 34, 85, 40, 11, 68, 47, 29, 6, 40, 45, 35, 63, 36, 32, 35, 47, 7, 97, 29, 69, 58, 40, 90, 19, 64, 77, 34, 81, 28, 47, 13, 12, 21, 81, 89, 38, 5, 94, 74],
  [40, 28, 31, 22, 20, 32, 20, 8, 87, 15, 27, 49, 76, 21, 25, 75, 44, 6, 2, 62, 32, 95, 38, 13, 40, 8, 30, 28, 14, 54, 41, 7, 26, 34, 35, 87, 66, 19, 35, 0, 93, 27, 32, 33, 30, 33, 58, 66, 21, 38, 24, 3, 47, 68, 37, 49, 78, 21, 3, 49, 45, 75, 42, 21, 50, 83, 11, 16, 29, 38, 37, 11, 45, 36, 46, 84, 18, 75, 19, 6, 96, 36, 11, 6, 25, 15, 66, 12, 8, 77, 24, 87, 65, 61, 26, 30, 58, 46, 16, 63, 41, 25, 66, 43, 30, 27, 12, 95, 79, 6, 48, 11, 19, 16, 32, 53, 56, 23, 32, 47, 19, 50, 37, 57, 7, 96, 62, 26, 12, 22],
  [73, 42, 15, 46, 92, 46, 37, 42, 1, 23, 36, 31, 44, 11, 79, 34, 91, 86, 5, 9, 34, 1, 68, 24, 7, 78, 19, 22, 97, 18, 39, 20, 33, 68, 10, 62, 7, 61, 48, 93, 0, 93, 3, 23, 5, 16, 2, 30, 91, 57, 32, 7, 69, 25, 19, 42, 37, 27, 77, 70, 46, 2, 59, 98, 17, 34, 100, 79, 58, 24, 89, 11, 5, 43, 89, 49, 30, 75, 49, 96, 13, 30, 14, 23, 1, 49, 46, 55, 44, 11, 8, 66, 8, 6, 8, 38, 27, 7, 35, 26, 26, 14, 12, 51, 45, 39, 43, 22, 31, 20, 90, 68, 29, 14, 21, 29, 29, 30, 66, 12, 6, 33, 40, 28, 20, 61, 35, 72, 33, 29],
  [97, 7, 46, 37, 14, 89, 19, 42, 30, 33, 97, 91, 41, 8, 5, 8, 53, 27, 64, 9, 2, 21, 88, 13, 31, 26, 28, 19, 44, 8, 18, 94, 19, 41, 95, 52, 30, 15, 45, 27, 93, 0, 1, 46, 4, 10, 37, 27, 11, 36, 46, 2, 28, 46, 32, 55, 39, 48, 36, 99, 27, 25, 89, 63, 85, 100, 100, 95, 32, 85, 24, 20, 77, 36, 21, 25, 84, 43, 15, 18, 41, 28, 18, 11, 8, 51, 49, 61, 22, 35, 42, 50, 26, 6, 85, 24, 35, 34, 3, 31, 34, 64, 42, 24, 96, 48, 19, 74, 8, 90, 60, 51, 28, 38, 67, 77, 15, 91, 64, 52, 36, 3, 17, 47, 47, 65, 4, 13, 9, 7],
  [83, 77, 47, 14, 92, 28, 1, 24, 19, 15, 5, 5, 11, 33, 25, 53, 8, 70, 86, 63, 51, 19, 36, 9, 1, 45, 12, 99, 27, 73, 8, 87, 63, 8, 79, 78, 3, 29, 83, 32, 3, 1, 0, 20, 11, 7, 35, 19, 23, 22, 55, 23, 37, 44, 18, 62, 6, 13, 48, 46, 90, 46, 35, 45, 2, 64, 96, 99, 20, 76, 42, 39, 24, 23, 8, 15, 56, 35, 25, 99, 33, 36, 65, 43, 14, 59, 67, 29, 13, 88, 8, 65, 40, 4, 42, 40, 33, 45, 10, 51, 92, 16, 48, 11, 55, 32, 30, 60, 4, 39, 30, 64, 13, 81, 88, 13, 37, 38, 34, 46, 46, 11, 8, 41, 38, 41, 30, 39, 15, 14],
  [8, 24, 73, 12, 96, 31, 44, 60, 39, 36, 82, 11, 43, 27, 51, 3, 11, 89, 1, 9, 85, 34, 31, 34, 28, 17, 52, 81, 53, 28, 74, 18, 39, 97, 36, 90, 8, 6, 91, 33, 23, 46, 20, 0, 35, 2, 53, 42, 12, 6, 97, 10, 98, 66, 83, 28, 91, 83, 41, 15, 98, 17, 5, 78, 40, 37, 28, 27, 67, 49, 12, 23, 9, 54, 26, 39, 20, 85, 48, 44, 54, 22, 12, 27, 15, 7, 83, 34, 40, 85, 99, 93, 30, 6, 11, 86, 6, 50, 11, 29, 89, 23, 76, 93, 35, 49, 8, 92, 100, 2, 32, 82, 44, 39, 10, 60, 14, 81, 59, 57, 20, 22, 10, 3, 63, 22, 20, 22, 5, 39],
  [16, 26, 90, 92, 92, 11, 44, 41, 34, 49, 99, 36, 51, 45, 41, 49, 56, 87, 46, 34, 1, 9, 15, 2, 45, 37, 5, 40, 98, 38, 12, 28, 13, 46, 8, 30, 33, 46, 43, 30, 5, 4, 11, 35, 0, 71, 12, 17, 6, 94, 4, 7, 2, 33, 23, 22, 82, 9, 46, 19, 24, 62, 81, 38, 12, 71, 9, 71, 47, 28, 7, 70, 34, 47, 33, 57, 36, 37, 28, 88, 93, 30, 14, 23, 2, 14, 76, 53, 21, 50, 44, 40, 77, 33, 11, 25, 100, 75, 25, 16, 39, 42, 54, 33, 77, 21, 43, 93, 33, 85, 44, 12, 44, 43, 37, 55, 49, 9, 95, 23, 14, 81, 65, 27, 38, 46, 79, 54, 7, 97],
  [35, 25, 30, 3, 3, 45, 13, 74, 75, 17, 40, 66, 93, 29, 81, 12, 34, 8, 79, 17, 23, 62, 59, 2, 50, 38, 88, 38, 35, 56, 35, 11, 44, 43, 48, 41, 1, 18, 45, 33, 16, 10, 7, 2, 71, 0, 95, 22, 89, 18, 22, 62, 91, 70, 75, 10, 38, 52, 21, 3, 67, 73, 89, 22, 63, 89, 93, 29, 34, 34, 69, 100, 55, 96, 8, 43, 34, 57, 13, 20, 50, 48, 92, 58, 49, 79, 19, 10, 33, 66, 60, 94, 20, 31, 11, 12, 31, 55, 6, 26, 24, 85, 9, 35, 23, 99, 40, 5, 89, 73, 9, 21, 45, 47, 98, 31, 31, 32, 80, 10, 23, 30, 96, 48, 54, 61, 28, 94, 39, 30],
  [53, 50, 41, 48, 49, 27, 13, 45, 76, 21, 28, 36, 17, 2, 44, 15, 18, 88, 13, 29, 39, 27, 45, 19, 23, 46, 37, 25, 17, 10, 76, 71, 13, 67, 74, 35, 4, 23, 44, 58, 2, 37, 35, 53, 12, 95, 0, 4, 71, 39, 67, 29, 1, 52, 78, 56, 53, 10, 37, 28, 97, 27, 17, 40, 2, 43, 44, 45, 66, 2, 12, 18, 36, 29, 64, 55, 56, 14, 4, 3, 2, 35, 12, 31, 70, 11, 35, 57, 41, 13, 49, 74, 40, 38, 18, 4, 87, 69, 4, 20, 72, 22, 14, 31, 25, 35, 99, 20, 75, 92, 53, 40, 12, 54, 42, 67, 4, 21, 46, 5, 83, 14, 35, 12, 91, 54, 36, 42, 1, 37],
  [26, 71, 97, 92, 48, 55, 37, 42, 12, 79, 34, 90, 18, 21, 21, 78, 12, 74, 69, 29, 9, 15, 1, 44, 41, 58, 35, 31, 95, 34, 45, 45, 26, 91, 83, 70, 49, 90, 24, 66, 30, 27, 19, 42, 17, 22, 4, 0, 73, 6, 64, 76, 90, 95, 29, 26, 55, 20, 43, 36, 46, 99, 16, 7, 30, 48, 94, 37, 22, 29, 33, 23, 17, 25, 68, 57, 45, 36, 26, 45, 62, 58, 22, 78, 47, 46, 65, 32, 69, 48, 44, 50, 36, 25, 92, 44, 50, 74, 33, 37, 21, 1, 27, 74, 43, 21, 7, 77, 25, 25, 53, 7, 18, 19, 46, 10, 3, 19, 6, 21, 49, 72, 50, 5, 8, 79, 43, 62, 15, 100],
  [12, 88, 60, 7, 8, 4, 18, 79, 30, 9, 70, 1, 11, 25, 2, 37, 37, 17, 16, 91, 66, 23, 51, 15, 26, 48, 2, 55, 5, 75, 28, 59, 4, 68, 81, 58, 18, 18, 16, 21, 91, 11, 23, 12, 6, 89, 71, 73, 0, 46, 64, 26, 88, 33, 52, 64, 71, 28, 81, 74, 19, 13, 40, 85, 15, 22, 14, 44, 25, 47, 40, 32, 38, 54, 31, 97, 33, 97, 98, 10, 44, 70, 47, 5, 31, 28, 93, 98, 43, 15, 79, 85, 60, 44, 91, 92, 17, 20, 23, 47, 6, 2, 3, 31, 89, 30, 42, 81, 19, 35, 22, 96, 38, 42, 42, 8, 30, 44, 20, 31, 34, 2, 27, 33, 34, 7, 74, 37, 36, 69],
  [45, 36, 25, 1, 32, 1, 10, 45, 9, 16, 69, 48, 45, 75, 70, 82, 90, 39, 19, 68, 35, 69, 55, 22, 61, 36, 3, 56, 58, 18, 60, 29, 88, 49, 2, 7, 2, 88, 35, 38, 57, 36, 22, 6, 94, 18, 39, 6, 46, 0, 59, 1, 39, 48, 56, 45, 5, 68, 40, 38, 42, 71, 5, 22, 2, 29, 26, 10, 82, 19, 8, 3, 48, 9, 16, 15, 41, 26, 22, 63, 7, 51, 39, 44, 60, 13, 3, 3, 48, 14, 37, 44, 83, 2, 90, 87, 63, 3, 28, 41, 51, 96, 100, 85, 4, 55, 71, 51, 87, 13, 21, 8, 14, 37, 8, 50, 92, 3, 2, 43, 41, 66, 11, 28, 84, 25, 73, 62, 13, 31],
  [30, 80, 78, 26, 81, 27, 37, 98, 10, 11, 49, 6, 14, 61, 26, 45, 23, 85, 42, 10, 88, 32, 90, 50, 31, 61, 81, 70, 48, 37, 35, 80, 2, 70, 44, 33, 27, 39, 2, 24, 32, 46, 55, 97, 4, 22, 67, 64, 64, 59, 0, 11, 47, 39, 89, 30, 19, 71, 93, 31, 47, 59, 29, 66, 73, 92, 11, 83, 47, 20, 14, 19, 71, 5, 23, 9, 19, 30, 13, 17, 39, 36, 89, 78, 88, 97, 5, 31, 26, 46, 9, 48, 43, 57, 10, 66, 6, 7, 79, 49, 44, 66, 1, 47, 50, 84, 10, 72, 75, 4, 7, 31, 68, 20, 26, 87, 48, 58, 4, 5, 75, 23, 6, 68, 29, 65, 35, 27, 33, 10],
  [77, 36, 10, 74, 34, 44, 42, 28, 86, 76, 5, 46, 28, 92, 47, 12, 14, 64, 63, 1, 43, 18, 32, 20, 10, 1, 15, 55, 40, 32, 74, 93, 22, 21, 42, 21, 19, 37, 20, 3, 7, 2, 23, 10, 7, 62, 29, 76, 26, 1, 11, 0, 97, 13, 47, 25, 61, 31, 17, 43, 87, 38, 11, 49, 84, 67, 34, 6, 28, 13, 28, 29, 39, 20, 80, 67, 74, 29, 39, 27, 90, 41, 71, 23, 16, 45, 35, 23, 90, 69, 18, 62, 43, 96, 36, 44, 85, 52, 17, 10, 10, 31, 10, 27, 5, 83, 32, 29, 79, 90, 44, 84, 69, 9, 3, 7, 62, 4, 78, 62, 28, 91, 20, 65, 10, 34, 48, 3, 42, 76],
  [7, 36, 15, 18, 67, 91, 88, 97, 31, 17, 28, 41, 44, 23, 45, 80, 39, 26, 47, 41, 10, 91, 30, 10, 43, 37, 26, 39, 7, 21, 18, 47, 41, 29, 38, 46, 26, 16, 71, 47, 69, 28, 37, 98, 2, 91, 1, 90, 88, 39, 47, 97, 0, 48, 34, 83, 35, 5, 10, 97, 40, 75, 56, 100, 82, 28, 40, 39, 79, 32, 20, 35, 9, 52, 37, 7, 42, 86, 95, 39, 6, 35, 68, 88, 86, 74, 64, 96, 44, 37, 9, 30, 24, 48, 98, 40, 40, 4, 73, 14, 44, 45, 4, 34, 36, 69, 27, 41, 6, 85, 43, 18, 64, 49, 1, 36, 39, 66, 83, 23, 38, 86, 15, 26, 10, 41, 12, 27, 1, 6],
  [79, 48, 82, 32, 3, 42, 23, 96, 48, 9, 33, 44, 41, 45, 24, 48, 30, 32, 36, 2, 55, 32, 4, 19, 23, 64, 8, 48, 76, 4, 35, 5, 14, 18, 44, 43, 91, 21, 40, 68, 25, 46, 44, 66, 33, 70, 52, 95, 33, 48, 39, 13, 48, 0, 15, 100, 15, 13, 27, 18, 43, 47, 26, 75, 32, 7, 28, 37, 22, 87, 7, 25, 20, 10, 7, 62, 77, 7, 26, 3, 58, 10, 37, 47, 20, 12, 48, 1, 94, 36, 39, 49, 23, 68, 32, 42, 53, 40, 29, 28, 37, 45, 100, 22, 32, 33, 9, 80, 50, 38, 14, 71, 58, 20, 19, 1, 16, 9, 63, 42, 5, 26, 8, 6, 8, 1, 5, 71, 13, 48],
  [19, 31, 26, 8, 26, 24, 20, 78, 16, 4, 5, 19, 80, 44, 45, 30, 94, 39, 25, 11, 23, 77, 9, 23, 63, 74, 26, 27, 10, 25, 14, 4, 5, 9, 46, 78, 94, 29, 87, 37, 19, 32, 18, 83, 23, 75, 78, 29, 52, 56, 89, 47, 34, 15, 0, 75, 90, 8, 8, 70, 26, 100, 19, 52, 41, 40, 81, 19, 34, 83, 24, 13, 44, 27, 23, 4, 66, 95, 67, 13, 67, 28, 23, 39, 40, 29, 25, 2, 51, 36, 61, 40, 78, 24, 13, 14, 2, 49, 18, 91, 15, 63, 32, 8, 3, 6, 39, 23, 18, 19, 62, 98, 30, 23, 89, 77, 15, 1, 45, 46, 58, 9, 79, 8, 57, 50, 19, 22, 72, 62],
  [19, 26, 22, 46, 20, 30, 66, 96, 16, 7, 81, 41, 77, 32, 40, 4, 79, 30, 41, 58, 42, 26, 28, 95, 13, 38, 70, 13, 40, 45, 20, 94, 53, 13, 39, 21, 40, 87, 55, 49, 42, 55, 62, 28, 22, 10, 56, 26, 64, 45, 30, 25, 83, 100, 75, 0, 19, 56, 8, 15, 19, 39, 10, 3, 21, 80, 83, 33, 5, 51, 72, 30, 4, 38, 66, 68, 4, 64, 28, 23, 81, 92, 59, 58, 20, 91, 3, 86, 47, 22, 24, 30, 57, 81, 27, 34, 32, 17, 23, 6, 24, 7, 98, 25, 35, 49, 74, 35, 43, 57, 42, 73, 54, 48, 30, 66, 43, 76, 18, 12, 49, 52, 38, 64, 95, 20, 62, 15, 55, 53],
  [13, 11, 2, 72, 13, 7, 83, 26, 69, 95, 73, 25, 40, 99, 11, 5, 24, 25, 87, 80, 38, 42, 26, 47, 61, 92, 36, 45, 76, 88, 27, 5, 100, 23, 13, 37, 11, 39, 19, 78, 37, 39, 6, 91, 82, 38, 53, 55, 71, 5, 19, 61, 35, 15, 90, 19, 0, 100, 8, 20, 13, 32, 47, 13, 34, 37, 17, 2, 30, 43, 17, 47, 13, 44, 6, 27, 62, 45, 64, 22, 53, 69, 33, 32, 25, 1, 15, 92, 62, 73, 38, 72, 16, 41, 85, 93, 11, 48, 43, 70, 53, 45, 12, 18, 21, 8, 28, 82, 31, 44, 27, 37, 68, 13, 41, 41, 48, 31, 5, 42, 39, 76, 41, 63, 35, 49, 41, 54, 15, 58],
  [19, 6, 78, 14, 45, 3, 16, 16, 40, 18, 8, 78, 24, 33, 66, 4, 73, 85, 2, 4, 65, 16, 77, 43, 49, 18, 2, 17, 68, 73, 47, 15, 30, 81, 39, 19, 8, 25, 64, 21, 27, 48, 13, 83, 9, 52, 10, 20, 28, 68, 71, 31, 5, 13, 8, 56, 100, 0, 11, 64, 23, 58, 74, 97, 20, 92, 4, 17, 31, 50, 54, 30, 82, 44, 1, 11, 59, 4, 54, 38, 90, 35, 76, 43, 4, 11, 79, 85, 18, 35, 8, 30, 88, 10, 27, 45, 6, 43, 17, 40, 45, 47, 26, 34, 21, 81, 60, 61, 28, 26, 76, 29, 35, 71, 1, 94, 61, 31, 6, 24, 25, 34, 10, 14, 49, 1, 59, 2, 44, 29],
  [85, 43, 75, 7, 10, 6, 5, 24, 36, 78, 27, 44, 24, 37, 23, 23, 98, 8, 84, 29, 59, 21, 15, 34, 56, 86, 91, 25, 10, 75, 70, 59, 26, 6, 47, 15, 1, 34, 40, 3, 77, 36, 48, 41, 46, 21, 37, 43, 81, 40, 93, 17, 10, 27, 8, 8, 8, 11, 0, 5, 62, 6, 79, 29, 89, 30, 12, 9, 52, 81, 22, 92, 18, 19, 18, 27, 14, 24, 87, 18, 28, 49, 49, 26, 19, 34, 82, 2, 6, 38, 32, 98, 86, 17, 74, 38, 38, 74, 49, 46, 100, 4, 6, 70, 7, 26, 45, 24, 22, 49, 96, 2, 44, 18, 12, 73, 78, 46, 100, 29, 36, 17, 45, 71, 48, 13, 4, 70, 35, 45],
  [12, 75, 8, 90, 9, 35, 43, 29, 37, 19, 1, 30, 56, 100, 69, 49, 5, 23, 51, 34, 92, 7, 47, 2, 85, 15, 85, 32, 2, 6, 77, 99, 31, 3, 3, 45, 25, 44, 12, 49, 70, 99, 46, 15, 19, 3, 28, 36, 74, 38, 31, 43, 97, 18, 70, 15, 20, 64, 5, 0, 57, 32, 33, 41, 39, 66, 39, 32, 61, 39, 6, 77, 12, 54, 74, 38, 9, 38, 13, 1, 8, 21, 26, 78, 49, 49, 50, 5, 14, 5, 10, 36, 47, 26, 15, 55, 51, 42, 20, 1, 47, 1, 63, 5, 21, 9, 87, 42, 89, 40, 39, 17, 95, 3, 47, 93, 41, 7, 63, 16, 35, 51, 29, 11, 1, 78, 24, 26, 21, 11],
  [50, 21, 42, 45, 49, 40, 55, 21, 49, 16, 56, 39, 38, 31, 14, 24, 12, 10, 36, 26, 90, 28, 52, 56, 45, 8, 5, 28, 85, 79, 29, 62, 38, 18, 34, 43, 29, 19, 19, 45, 46, 27, 90, 98, 24, 67, 97, 46, 19, 42, 47, 87, 40, 43, 26, 19, 13, 23, 62, 57, 0, 91, 13, 34, 24, 17, 53, 13, 41, 40, 14, 69, 11, 8, 38, 10, 21, 45, 41, 56, 62, 25, 17, 98, 95, 43, 32, 15, 65, 26, 22, 90, 29, 85, 20, 62, 65, 16, 15, 36, 41, 39, 5, 27, 19, 1, 28, 68, 30, 58, 5, 82, 97, 5, 55, 27, 2, 34, 81, 8, 24, 72, 22, 27, 16, 43, 46, 9, 36, 29],
  [95, 18, 8, 83, 50, 29, 50, 21, 77, 10, 29, 18, 71, 21, 44, 15, 31, 30, 46, 63, 41, 19, 68, 58, 97, 47, 1, 47, 24, 19, 92, 7, 65, 26, 18, 77, 26, 28, 77, 75, 2, 25, 46, 17, 62, 73, 27, 99, 13, 71, 59, 38, 75, 47, 100, 39, 32, 58, 6, 32, 91, 0, 15, 25, 3, 81, 2, 49, 13, 46, 21, 8, 66, 8, 2, 45, 32, 27, 36, 97, 1, 57, 13, 23, 42, 84, 34, 46, 30, 16, 50, 99, 30, 2, 31, 22, 92, 64, 25, 2, 5, 36, 21, 33, 37, 50, 48, 15, 45, 25, 2, 43, 23, 31, 39, 14, 22, 32, 12, 20, 80, 9, 79, 50, 14, 2, 92, 49, 7, 22],
  [9, 84, 45, 20, 9, 31, 71, 54, 69, 6, 37, 75, 51, 62, 46, 6, 7, 7, 8, 38, 17, 24, 41, 21, 77, 15, 67, 28, 62, 13, 78, 76, 29, 34, 2, 77, 33, 26, 77, 42, 59, 89, 35, 5, 81, 89, 17, 16, 40, 5, 29, 11, 56, 26, 19, 10, 47, 74, 79, 33, 13, 15, 0, 22, 15, 14, 18, 38, 13, 1, 85, 41, 30, 48, 71, 19, 18, 23, 98, 75, 3, 93, 43, 98, 43, 74, 41, 31, 28, 24, 24, 74, 47, 46, 10, 22, 63, 94, 43, 38, 69, 43, 10, 4, 39, 48, 19, 22, 31, 99, 52, 23, 8, 9, 19, 53, 13, 35, 24, 7, 99, 89, 33, 8, 66, 26, 13, 12, 13, 30],
  [92, 91, 77, 47, 2, 97, 23, 99, 46, 34, 16, 42, 8, 53, 22, 18, 11, 53, 53, 91, 61, 19, 61, 46, 54, 14, 88, 47, 43, 61, 99, 47, 33, 53, 17, 77, 7, 94, 49, 21, 98, 63, 45, 78, 38, 22, 40, 7, 85, 22, 66, 49, 100, 75, 52, 3, 13, 97, 29, 41, 34, 25, 22, 0, 2, 95, 80, 48, 14, 16, 30, 7, 59, 48, 16, 10, 2, 12, 46, 30, 36, 63, 61, 92, 98, 68, 79, 22, 6, 73, 44, 6, 13, 44, 5, 94, 44, 8, 23, 39, 41, 75, 61, 50, 26, 40, 22, 22, 98, 9, 28, 22, 38, 94, 31, 27, 7, 32, 79, 35, 82, 86, 9, 15, 12, 67, 6, 73, 27, 5],
  [26, 46, 3, 40, 64, 27, 48, 83, 85, 7, 92, 30, 59, 41, 73, 80, 63, 91, 33, 79, 81, 73, 3, 32, 93, 69, 8, 38, 8, 63, 83, 1, 17, 13, 54, 37, 42, 6, 4, 50, 17, 85, 2, 40, 12, 63, 2, 30, 15, 2, 73, 84, 82, 32, 41, 21, 34, 20, 89, 39, 24, 3, 15, 2, 0, 59, 43, 85, 45, 16, 36, 100, 14, 94, 29, 100, 12, 43, 45, 33, 6, 1, 9, 4, 33, 41, 18, 4, 63, 11, 31, 27, 78, 24, 62, 28, 24, 53, 42, 36, 90, 38, 14, 75, 54, 11, 19, 40, 57, 4, 22, 63, 8, 14, 62, 85, 84, 30, 30, 42, 31, 37, 69, 74, 23, 95, 8, 92, 73, 33],
  [26, 15, 40, 23, 92, 17, 37, 71, 92, 2, 15, 11, 73, 31, 52, 28, 41, 1, 16, 26, 7, 12, 46, 77, 65, 35, 96, 20, 40, 36, 17, 48, 40, 57, 40, 43, 19, 9, 9, 83, 34, 100, 64, 37, 71, 89, 43, 48, 22, 29, 92, 67, 28, 7, 40, 80, 37, 92, 30, 66, 17, 81, 14, 95, 59, 0, 8, 27, 37, 19, 32, 60, 49, 32, 4, 17, 37, 45, 18, 2, 54, 14, 27, 5, 69, 60, 18, 53, 31, 86, 38, 29, 82, 30, 83, 4, 49, 47, 21, 50, 13, 29, 32, 50, 19, 14, 40, 42, 21, 33, 19, 44, 18, 47, 24, 17, 55, 77, 28, 1, 38, 28, 34, 10, 42, 87, 89, 56, 54, 59],
  [97, 32, 29, 21, 22, 81, 10, 12, 3, 8, 71, 21, 4, 37, 4, 35, 93, 7, 86, 39, 52, 59, 2, 14, 28, 46, 27, 10, 42, 10, 50, 28, 48, 32, 32, 49, 24, 8, 97, 11, 100, 100, 96, 28, 9, 93, 44, 94, 14, 26, 11, 34, 40, 28, 81, 83, 17, 4, 12, 39, 53, 2, 18, 80, 43, 8, 0, 25, 19, 2, 9, 40, 38, 17, 58, 24, 44, 35, 13, 16, 72, 51, 24, 19, 64, 17, 34, 2, 11, 79, 18, 50, 85, 22, 7, 91, 28, 3, 30, 42, 18, 55, 42, 18, 24, 52, 23, 9, 29, 12, 22, 82, 44, 21, 45, 33, 19, 75, 29, 99, 64, 99, 26, 55, 31, 19, 12, 15, 16, 88],
  [4, 15, 92, 28, 45, 31, 4, 98, 11, 20, 94, 18, 62, 76, 82, 44, 14, 14, 45, 27, 11, 10, 7, 75, 50, 98, 84, 42, 12, 37, 42, 39, 30, 49, 30, 2, 25, 41, 34, 16, 79, 95, 99, 27, 71, 29, 45, 37, 44, 10, 83, 6, 39, 37, 19, 33, 2, 17, 9, 32, 13, 49, 38, 48, 85, 27, 25, 0, 29, 44, 29, 86, 33, 74, 39, 39, 27, 30, 15, 7, 83, 39, 49, 39, 31, 72, 83, 2, 18, 66, 40, 82, 27, 28, 73, 82, 36, 92, 7, 56, 6, 69, 30, 41, 32, 22, 28, 40, 49, 5, 80, 19, 90, 8, 25, 70, 47, 85, 66, 99, 8, 95, 25, 32, 46, 19, 81, 11, 18, 26],
  [28, 92, 12, 76, 4, 87, 32, 24, 59, 13, 4, 80, 15, 10, 30, 35, 43, 15, 92, 6, 74, 29, 14, 98, 14, 69, 76, 51, 3, 54, 15, 79, 83, 83, 34, 80, 49, 84, 10, 29, 58, 32, 20, 67, 47, 34, 66, 22, 25, 82, 47, 28, 79, 22, 34, 5, 30, 31, 52, 61, 41, 13, 13, 14, 45, 37, 19, 29, 0, 36, 55, 40, 11, 47, 15, 72, 78, 13, 7, 2, 44, 11, 26, 33, 83, 25, 13, 27, 56, 87, 14, 27, 39, 8, 16, 16, 80, 85, 3, 16, 54, 41, 2, 8, 15, 10, 5, 48, 9, 13, 33, 46, 28, 11, 63, 50, 21, 60, 100, 70, 39, 19, 45, 43, 37, 100, 86, 27, 4, 30],
  [23, 5, 89, 12, 3, 45, 66, 3, 38, 57, 53, 1, 73, 64, 41, 100, 20, 15, 17, 24, 44, 63, 46, 5, 44, 42, 11, 89, 10, 97, 46, 76, 20, 42, 40, 13, 28, 44, 20, 38, 24, 85, 76, 49, 28, 34, 2, 29, 47, 19, 20, 13, 32, 87, 83, 51, 43, 50, 81, 39, 40, 46, 1, 16, 16, 19, 2, 44, 36, 0, 32, 9, 62, 22, 22, 1, 43, 28, 45, 44, 1, 66, 63, 4, 37, 29, 74, 47, 74, 2, 16, 7, 67, 5, 45, 17, 63, 33, 17, 63, 46, 17, 21, 48, 85, 43, 45, 79, 5, 42, 33, 57, 48, 48, 7, 10, 26, 86, 92, 40, 29, 30, 22, 6, 59, 20, 39, 36, 42, 61],
  [81, 56, 15, 39, 7, 24, 32, 7, 82, 86, 74, 62, 32, 35, 36, 9, 6, 24, 29, 39, 26, 72, 24, 4, 33, 23, 34, 62, 33, 77, 92, 49, 15, 94, 93, 2, 11, 38, 71, 37, 89, 24, 42, 12, 7, 69, 12, 33, 40, 8, 14, 28, 20, 7, 24, 72, 17, 54, 22, 6, 14, 21, 85, 30, 36, 32, 9, 29, 55, 32, 0, 58, 51, 39, 19, 85, 67, 35, 15, 43, 42, 6, 15, 59, 35, 7, 27, 11, 63, 50, 57, 17, 42, 35, 57, 93, 46, 25, 64, 39, 19, 39, 15, 69, 14, 73, 45, 75, 22, 29, 91, 5, 88, 90, 10, 16, 37, 46, 93, 81, 3, 60, 28, 16, 33, 97, 47, 40, 15, 64],
  [65, 53, 8, 17, 18, 80, 9, 95, 2, 33, 54, 88, 91, 16, 75, 25, 5, 21, 45, 57, 74, 51, 29, 8, 18, 11, 92, 1, 1, 4, 17, 25, 49, 81, 27, 28, 96, 51, 30, 11, 11, 20, 39, 23, 70, 100, 18, 23, 32, 3, 19, 29, 35, 25, 13, 30, 47, 30, 92, 77, 69, 8, 41, 7, 100, 60, 40, 86, 40, 9, 58, 0, 6, 74, 56, 22, 7, 31, 10, 55, 15, 31, 29, 28, 33, 42, 19, 40, 17, 100, 18, 85, 41, 90, 26, 42, 16, 76, 37, 45, 44, 52, 35, 19, 30, 24, 74, 91, 20, 63, 48, 80, 45, 29, 22, 70, 44, 79, 25, 60, 77, 45, 9, 92, 21, 28, 16, 24, 17, 7],
  [41, 11, 77, 10, 41, 28, 82, 59, 92, 14, 75, 33, 38, 23, 26, 13, 89, 65, 1, 43, 43, 45, 34, 32, 52, 8, 3, 29, 60, 17, 25, 34, 41, 58, 8, 44, 18, 85, 15, 45, 5, 77, 24, 9, 34, 55, 36, 17, 38, 48, 71, 39, 9, 20, 44, 4, 13, 82, 18, 12, 11, 66, 30, 59, 14, 49, 38, 33, 11, 62, 51, 6, 0, 69, 38, 12, 15, 95, 6, 37, 68, 5, 17, 21, 20, 49, 40, 11, 61, 37, 71, 86, 45, 19, 41, 18, 11, 45, 48, 48, 65, 97, 15, 75, 34, 96, 43, 36, 80, 17, 20, 3, 47, 17, 54, 69, 26, 15, 97, 6, 12, 48, 58, 7, 36, 31, 32, 2, 46, 69],
  [4, 46, 67, 48, 71, 20, 43, 22, 43, 22, 21, 6, 21, 12, 31, 28, 56, 33, 10, 35, 44, 99, 2, 68, 73, 81, 98, 45, 75, 31, 49, 3, 38, 43, 28, 34, 28, 16, 21, 36, 43, 36, 23, 54, 47, 96, 29, 25, 54, 9, 5, 20, 52, 10, 27, 38, 44, 44, 19, 54, 8, 8, 48, 48, 94, 32, 17, 74, 47, 22, 39, 74, 69, 0, 33, 13, 2, 16, 52, 48, 43, 46, 31, 37, 22, 19, 43, 83, 4, 16, 48, 29, 71, 87, 25, 25, 20, 18, 42, 78, 3, 89, 3, 22, 36, 16, 3, 32, 6, 83, 90, 5, 26, 36, 40, 76, 4, 3, 33, 92, 65, 30, 5, 23, 28, 74, 51, 36, 66, 7],
  [86, 85, 51, 49, 37, 34, 39, 30, 33, 88, 46, 75, 25, 93, 17, 91, 17, 32, 15, 31, 2, 75, 58, 23, 23, 29, 2, 6, 64, 34, 57, 45, 42, 80, 26, 99, 36, 49, 6, 46, 89, 21, 8, 26, 33, 8, 64, 68, 31, 16, 23, 80, 37, 7, 23, 66, 6, 1, 18, 74, 38, 2, 71, 16, 29, 4, 58, 39, 15, 22, 19, 56, 38, 33, 0, 6, 36, 52, 13, 15, 50, 32, 34, 26, 9, 3, 5, 26, 98, 45, 39, 65, 21, 46, 94, 51, 81, 97, 12, 29, 95, 33, 24, 11, 28, 18, 12, 83, 15, 4, 24, 58, 3, 74, 79, 79, 16, 7, 8, 40, 46, 63, 11, 17, 6, 86, 84, 42, 28, 83],
  [32, 32, 48, 37, 4, 41, 95, 1, 15, 10, 38, 69, 17, 18, 26, 9, 36, 79, 47, 55, 20, 48, 12, 40, 2, 98, 27, 38, 27, 24, 73, 36, 21, 73, 31, 16, 15, 5, 96, 84, 49, 25, 15, 39, 57, 43, 55, 57, 97, 15, 9, 67, 7, 62, 4, 68, 27, 11, 27, 38, 10, 45, 19, 10, 100, 17, 24, 39, 72, 1, 85, 22, 12, 13, 6, 0, 35, 82, 59, 3, 28, 68, 27, 50, 29, 85, 54, 27, 71, 97, 87, 8, 46, 8, 24, 67, 13, 91, 35, 46, 70, 27, 21, 68, 9, 7, 13, 50, 3, 45, 45, 4, 41, 16, 13, 46, 5, 65, 40, 18, 91, 3, 15, 5, 18, 62, 21, 84, 55, 86],
  [18, 20, 22, 43, 18, 41, 32, 65, 3, 31, 39, 77, 27, 35, 9, 6, 31, 30, 34, 9, 6, 42, 80, 28, 81, 38, 34, 53, 14, 16, 24, 97, 20, 77, 71, 1, 17, 45, 70, 18, 30, 84, 56, 20, 36, 34, 56, 45, 33, 41, 19, 74, 42, 77, 66, 4, 62, 59, 14, 9, 21, 32, 18, 2, 12, 37, 44, 27, 78, 43, 67, 7, 15, 2, 36, 35, 0, 6, 38, 8, 1, 13, 9, 43, 36, 39, 20, 75, 34, 91, 21, 28, 39, 6, 4, 55, 23, 62, 43, 46, 23, 29, 68, 91, 93, 10, 34, 44, 57, 11, 17, 24, 26, 2, 29, 51, 88, 68, 20, 25, 10, 74, 17, 29, 62, 38, 25, 46, 32, 11],
  [26, 38, 78, 55, 24, 31, 63, 22, 16, 69, 6, 35, 83, 34, 80, 96, 12, 88, 28, 44, 82, 53, 53, 29, 79, 24, 30, 51, 7, 7, 25, 35, 71, 25, 4, 40, 7, 42, 3, 75, 75, 43, 35, 85, 37, 57, 14, 36, 97, 26, 30, 29, 86, 7, 95, 64, 45, 4, 24, 38, 45, 27, 23, 12, 43, 45, 35, 30, 13, 28, 35, 31, 95, 16, 52, 82, 6, 0, 5, 9, 22, 49, 99, 76, 40, 21, 19, 83, 1, 31, 82, 4, 12, 51, 43, 13, 1, 11, 97, 21, 78, 49, 38, 25, 22, 58, 46, 24, 85, 48, 83, 52, 6, 39, 10, 3, 38, 38, 96, 17, 92, 35, 7, 36, 40, 20, 7, 38, 22, 1],
  [29, 19, 32, 37, 93, 8, 73, 49, 22, 85, 64, 54, 1, 86, 8, 36, 30, 52, 29, 60, 10, 48, 12, 16, 8, 39, 3, 31, 36, 98, 73, 72, 17, 58, 27, 5, 59, 58, 30, 19, 49, 15, 25, 48, 28, 13, 4, 26, 98, 22, 13, 39, 95, 26, 67, 28, 64, 54, 87, 13, 41, 36, 98, 46, 45, 18, 13, 15, 7, 45, 15, 10, 6, 52, 13, 59, 38, 5, 0, 46, 1, 4, 81, 73, 91, 79, 78, 42, 18, 10, 21, 71, 19, 89, 37, 41, 49, 62, 18, 6, 16, 29, 96, 86, 45, 4, 32, 15, 82, 27, 65, 42, 29, 11, 45, 61, 30, 34, 68, 90, 33, 45, 45, 5, 28, 44, 6, 37, 58, 99],
  [36, 1, 88, 98, 26, 24, 93, 20, 97, 6, 87, 32, 10, 42, 1, 21, 91, 48, 1, 1, 35, 22, 56, 21, 33, 44, 86, 90, 4, 35, 34, 11, 16, 54, 41, 17, 12, 78, 19, 6, 96, 18, 99, 44, 88, 20, 3, 45, 10, 63, 17, 27, 39, 3, 13, 23, 22, 38, 18, 1, 56, 97, 75, 30, 33, 2, 16, 7, 2, 44, 43, 55, 37, 48, 15, 3, 8, 9, 46, 0, 49, 55, 84, 38, 58, 22, 47, 7, 89, 69, 33, 61, 53, 39, 34, 6, 44, 12, 73, 12, 95, 29, 90, 38, 10, 45, 6, 39, 34, 44, 90, 11, 39, 25, 67, 32, 73, 31, 35, 30, 66, 24, 68, 76, 18, 76, 89, 9, 94, 35],
  [38, 91, 62, 85, 40, 33, 15, 43, 75, 10, 43, 68, 81, 67, 51, 47, 61, 7, 39, 20, 95, 8, 31, 97, 76, 88, 85, 67, 8, 9, 48, 35, 87, 3, 40, 29, 73, 6, 91, 96, 13, 41, 33, 54, 93, 50, 2, 62, 44, 7, 39, 90, 6, 58, 67, 81, 53, 90, 28, 8, 62, 1, 3, 36, 6, 54, 72, 83, 44, 1, 42, 15, 68, 43, 50, 28, 1, 22, 1, 49, 0, 20, 24, 95, 15, 24, 78, 55, 48, 13, 77, 32, 18, 27, 10, 32, 20, 99, 7, 96, 13, 61, 14, 21, 85, 3, 43, 51, 43, 53, 12, 26, 48, 4, 4, 87, 23, 63, 41, 49, 70, 87, 67, 38, 20, 12, 48, 21, 29, 49],
  [16, 53, 34, 94, 100, 75, 35, 44, 91, 1, 2, 97, 47, 2, 41, 99, 61, 49, 22, 40, 14, 93, 65, 29, 48, 1, 17, 18, 64, 47, 40, 33, 28, 16, 95, 51, 88, 39, 36, 36, 30, 28, 36, 22, 30, 48, 35, 58, 70, 51, 36, 41, 35, 10, 28, 92, 69, 35, 49, 21, 25, 57, 93, 63, 1, 14, 51, 39, 11, 66, 6, 31, 5, 46, 32, 68, 13, 49, 4, 55, 20, 0, 25, 60, 60, 49, 4, 46, 7, 25, 34, 26, 42, 18, 63, 62, 20, 26, 4, 21, 58, 81, 20, 12, 42, 8, 21, 59, 43, 25, 61, 96, 20, 100, 77, 97, 17, 3, 56, 45, 50, 23, 33, 75, 41, 44, 36, 8, 49, 11],
  [18, 16, 45, 17, 61, 77, 21, 87, 81, 46, 32, 17, 23, 32, 27, 47, 19, 29, 61, 10, 8, 37, 51, 30, 87, 4, 31, 17, 11, 17, 32, 88, 29, 55, 24, 35, 45, 16, 85, 11, 14, 18, 65, 12, 14, 92, 12, 22, 47, 39, 89, 71, 68, 37, 23, 59, 33, 76, 49, 26, 17, 13, 43, 61, 9, 27, 24, 49, 26, 63, 15, 29, 17, 31, 34, 27, 9, 99, 81, 84, 24, 25, 0, 95, 8, 12, 37, 42, 19, 50, 9, 17, 82, 84, 73, 2, 27, 8, 97, 14, 74, 31, 69, 18, 20, 18, 34, 90, 38, 88, 33, 30, 2, 46, 25, 48, 85, 95, 28, 47, 96, 46, 5, 24, 46, 27, 51, 70, 11, 42],
  [46, 18, 14, 39, 46, 29, 44, 13, 92, 39, 44, 19, 24, 83, 42, 89, 47, 1, 43, 64, 18, 45, 42, 43, 62, 25, 11, 10, 36, 67, 45, 18, 12, 67, 43, 87, 67, 35, 63, 6, 23, 11, 43, 27, 23, 58, 31, 78, 5, 44, 78, 23, 88, 47, 39, 58, 32, 43, 26, 78, 98, 23, 98, 92, 4, 5, 19, 39, 33, 4, 59, 28, 21, 37, 26, 50, 43, 76, 73, 38, 95, 60, 95, 0, 55, 94, 8, 56, 65, 54, 8, 30, 75, 84, 15, 32, 94, 9, 49, 21, 44, 30, 16, 31, 57, 1, 41, 40, 9, 85, 32, 92, 45, 53, 42, 46, 17, 34, 81, 13, 63, 67, 77, 34, 39, 7, 67, 12, 1, 81],
  [37, 3, 41, 23, 74, 64, 37, 12, 40, 81, 4, 18, 32, 53, 17, 17, 76, 35, 5, 1, 9, 89, 91, 30, 47, 33, 60, 40, 53, 30, 37, 23, 31, 83, 66, 37, 85, 39, 10, 25, 1, 8, 14, 15, 2, 49, 70, 47, 31, 60, 88, 16, 86, 20, 40, 20, 25, 4, 19, 49, 95, 42, 43, 98, 33, 69, 64, 31, 83, 37, 35, 33, 20, 22, 9, 29, 36, 40, 91, 58, 15, 60, 8, 55, 0, 2, 41, 25, 13, 3, 32, 7, 69, 28, 20, 49, 21, 74, 47, 87, 12, 52, 87, 91, 26, 93, 20, 17, 19, 65, 42, 61, 22, 81, 6, 43, 45, 41, 31, 14, 32, 2, 19, 98, 19, 45, 13, 10, 86, 31],
  [28, 86, 57, 23, 86, 85, 41, 28, 24, 13, 47, 30, 34, 19, 41, 24, 15, 52, 49, 44, 33, 8, 35, 21, 40, 41, 23, 80, 20, 21, 27, 22, 21, 27, 37, 36, 34, 37, 20, 15, 49, 51, 59, 7, 14, 79, 11, 46, 28, 13, 97, 45, 74, 12, 29, 91, 1, 11, 34, 49, 43, 84, 74, 68, 41, 60, 17, 72, 25, 29, 7, 42, 49, 19, 3, 85, 39, 21, 79, 22, 24, 49, 12, 94, 2, 0, 23, 38, 16, 84, 73, 12, 68, 48, 67, 94, 70, 24, 14, 25, 12, 60, 11, 64, 2, 40, 28, 7, 5, 85, 29, 82, 47, 25, 81, 12, 83, 43, 32, 12, 43, 63, 34, 86, 45, 14, 4, 6, 12, 17],
  [10, 80, 32, 62, 42, 82, 14, 36, 64, 36, 74, 50, 12, 32, 45, 20, 24, 74, 2, 23, 45, 60, 15, 13, 22, 6, 16, 28, 40, 45, 21, 1, 16, 3, 54, 86, 60, 23, 78, 66, 46, 49, 67, 83, 76, 19, 35, 65, 93, 3, 5, 35, 64, 48, 25, 3, 15, 79, 82, 50, 32, 34, 41, 79, 18, 18, 34, 83, 13, 74, 27, 19, 40, 43, 5, 54, 20, 19, 78, 47, 78, 4, 37, 8, 41, 23, 0, 98, 43, 41, 100, 8, 4, 93, 96, 47, 12, 48, 21, 31, 15, 44, 48, 45, 17, 41, 22, 66, 13, 83, 6, 16, 69, 69, 36, 32, 2, 48, 24, 12, 28, 73, 20, 44, 35, 82, 2, 66, 32, 5],
  [2, 19, 88, 16, 81, 26, 34, 21, 33, 98, 12, 2, 10, 51, 1, 85, 87, 4, 44, 16, 36, 19, 20, 8, 50, 42, 26, 26, 80, 15, 81, 18, 25, 99, 16, 6, 3, 33, 22, 12, 55, 61, 29, 34, 53, 10, 57, 32, 98, 3, 31, 23, 96, 1, 2, 86, 92, 85, 2, 5, 15, 46, 31, 22, 4, 53, 2, 2, 27, 47, 11, 40, 11, 83, 26, 27, 75, 83, 42, 7, 55, 46, 42, 56, 25, 38, 98, 0, 91, 48, 97, 87, 6, 25, 70, 67, 16, 42, 43, 15, 95, 87, 22, 31, 27, 91, 36, 27, 11, 24, 1, 44, 10, 15, 67, 83, 94, 5, 2, 47, 40, 27, 20, 76, 39, 17, 39, 7, 28, 31],
  [92, 40, 37, 34, 13, 30, 42, 42, 22, 87, 38, 28, 88, 38, 29, 5, 15, 59, 38, 39, 19, 33, 84, 5, 18, 61, 3, 11, 6, 13, 7, 43, 2, 9, 72, 19, 28, 34, 31, 8, 44, 22, 13, 40, 21, 33, 41, 69, 43, 48, 26, 90, 44, 94, 51, 47, 62, 18, 6, 14, 65, 30, 28, 6, 63, 31, 11, 18, 56, 74, 63, 17, 61, 4, 98, 71, 34, 1, 18, 89, 48, 7, 19, 65, 13, 16, 43, 91, 0, 24, 69, 5, 17, 11, 44, 98, 6, 21, 84, 4, 34, 19, 21, 24, 26, 92, 10, 50, 30, 75, 3, 64, 4, 8, 29, 7, 93, 95, 4, 72, 3, 12, 4, 22, 49, 90, 52, 56, 68, 47],
  [12, 38, 6, 5, 49, 37, 15, 15, 45, 71, 9, 10, 21, 60, 31, 50, 34, 98, 28, 9, 15, 52, 40, 27, 59, 71, 93, 32, 24, 53, 27, 96, 1, 20, 9, 24, 27, 23, 38, 77, 11, 35, 88, 85, 50, 66, 13, 48, 15, 14, 46, 69, 37, 36, 36, 22, 73, 35, 38, 5, 26, 16, 24, 73, 11, 86, 79, 66, 87, 2, 50, 100, 37, 16, 45, 97, 91, 31, 10, 69, 13, 25, 50, 54, 3, 84, 41, 48, 24, 0, 39, 41, 42, 15, 22, 48, 13, 77, 58, 98, 72, 53, 74, 7, 10, 7, 68, 42, 21, 28, 6, 40, 38, 40, 43, 11, 48, 58, 40, 88, 21, 32, 54, 19, 40, 23, 23, 20, 82, 90],
  [49, 75, 34, 40, 52, 47, 21, 29, 30, 39, 36, 84, 31, 12, 35, 18, 18, 20, 32, 52, 95, 8, 66, 36, 99, 77, 32, 31, 31, 8, 55, 34, 98, 44, 31, 19, 96, 34, 88, 24, 8, 42, 8, 99, 44, 60, 49, 44, 79, 37, 9, 18, 9, 39, 61, 24, 38, 8, 32, 10, 22, 50, 24, 44, 31, 38, 18, 40, 14, 16, 57, 18, 71, 48, 39, 87, 21, 82, 21, 33, 77, 34, 9, 8, 32, 73, 100, 97, 69, 39, 0, 82, 43, 62, 46, 34, 97, 13, 78, 72, 81, 66, 65, 27, 64, 26, 53, 42, 89, 26, 57, 42, 41, 17, 96, 4, 48, 72, 45, 86, 23, 42, 19, 19, 41, 22, 30, 72, 91, 29],
  [9, 80, 31, 19, 38, 20, 6, 21, 9, 81, 1, 17, 32, 38, 91, 96, 16, 38, 80, 3, 9, 69, 66, 56, 39, 75, 43, 45, 7, 18, 26, 24, 36, 30, 3, 5, 31, 27, 34, 87, 66, 50, 65, 93, 40, 94, 74, 50, 85, 44, 48, 62, 30, 49, 40, 30, 72, 30, 98, 36, 90, 99, 74, 6, 27, 29, 50, 82, 27, 7, 17, 85, 86, 29, 65, 8, 28, 4, 71, 61, 32, 26, 17, 30, 7, 12, 8, 87, 5, 41, 82, 0, 78, 34, 77, 47, 13, 41, 57, 39, 14, 12, 55, 83, 22, 38, 39, 16, 89, 22, 72, 40, 20, 84, 29, 17, 27, 58, 44, 17, 5, 76, 7, 95, 22, 24, 9, 49, 11, 16],
  [86, 32, 49, 39, 36, 39, 52, 42, 83, 43, 29, 94, 17, 21, 15, 34, 15, 53, 14, 73, 55, 68, 36, 29, 36, 38, 73, 93, 8, 26, 10, 27, 63, 70, 23, 69, 42, 28, 85, 65, 8, 26, 40, 30, 77, 20, 40, 36, 60, 83, 43, 43, 24, 23, 78, 57, 16, 88, 86, 47, 29, 30, 47, 13, 78, 82, 85, 27, 39, 67, 42, 41, 45, 71, 21, 46, 39, 12, 19, 53, 18, 42, 82, 75, 69, 68, 4, 6, 17, 42, 43, 78, 0, 30, 65, 38, 38, 3, 85, 3, 44, 34, 33, 3, 49, 23, 23, 21, 36, 21, 8, 49, 45, 13, 8, 23, 25, 30, 38, 5, 3, 74, 1, 39, 16, 3, 52, 58, 42, 37],
  [98, 43, 47, 88, 24, 72, 25, 76, 35, 13, 27, 89, 92, 5, 19, 98, 22, 17, 88, 21, 41, 56, 1, 12, 97, 16, 45, 67, 30, 46, 23, 27, 20, 75, 16, 46, 39, 65, 40, 61, 6, 6, 4, 6, 33, 31, 38, 25, 44, 2, 57, 96, 48, 68, 24, 81, 41, 10, 17, 26, 85, 2, 46, 44, 24, 30, 22, 28, 8, 5, 35, 90, 19, 87, 46, 8, 6, 51, 89, 39, 27, 18, 84, 84, 28, 48, 93, 25, 11, 15, 62, 34, 30, 0, 22, 39, 45, 25, 96, 34, 88, 14, 79, 11, 55, 79, 58, 47, 14, 42, 24, 40, 12, 12, 50, 27, 43, 47, 49, 24, 1, 26, 18, 46, 29, 64, 96, 47, 23, 53],
  [49, 53, 29, 37, 61, 11, 8, 29, 9, 19, 63, 9, 22, 10, 51, 2, 17, 78, 86, 6, 19, 13, 45, 52, 36, 66, 30, 17, 56, 43, 34, 75, 19, 11, 72, 50, 86, 37, 11, 26, 8, 85, 42, 11, 11, 11, 18, 92, 91, 90, 10, 36, 98, 32, 13, 27, 85, 27, 74, 15, 20, 31, 10, 5, 62, 83, 7, 73, 16, 45, 57, 26, 41, 25, 94, 24, 4, 43, 37, 34, 10, 63, 73, 15, 20, 67, 96, 70, 44, 22, 46, 77, 65, 22, 0, 28, 21, 1, 27, 82, 73, 70, 47, 12, 10, 16, 39, 47, 14, 73, 91, 15, 42, 39, 15, 7, 20, 2, 29, 82, 31, 49, 13, 95, 39, 11, 16, 1, 7, 44],
  [36, 48, 7, 35, 97, 89, 29, 87, 85, 44, 14, 48, 54, 1, 19, 73, 20, 3, 41, 8, 62, 81, 44, 12, 29, 12, 8, 56, 36, 64, 2, 2, 66, 78, 38, 40, 11, 26, 68, 30, 38, 24, 40, 86, 25, 12, 4, 44, 92, 87, 66, 44, 40, 42, 14, 34, 93, 45, 38, 55, 62, 22, 22, 94, 28, 4, 91, 82, 16, 17, 93, 42, 18, 25, 51, 67, 55, 13, 41, 6, 32, 62, 2, 32, 49, 94, 47, 67, 98, 48, 34, 47, 38, 39, 28, 0, 49, 17, 31, 19, 10, 8, 18, 67, 43, 26, 29, 62, 93, 10, 82, 18, 48, 20, 99, 46, 3, 74, 8, 19, 34, 74, 30, 78, 56, 35, 18, 20, 48, 52],
  [54, 69, 38, 19, 48, 23, 77, 40, 22, 43, 18, 20, 27, 97, 87, 26, 78, 97, 5, 36, 1, 78, 35, 93, 8, 51, 56, 45, 73, 14, 14, 70, 46, 80, 64, 10, 32, 12, 47, 58, 27, 35, 33, 6, 100, 31, 87, 50, 17, 63, 6, 85, 40, 53, 2, 32, 11, 6, 38, 51, 65, 92, 63, 44, 24, 49, 28, 36, 80, 63, 46, 16, 11, 20, 81, 13, 23, 1, 49, 44, 20, 20, 27, 94, 21, 70, 12, 16, 6, 13, 97, 13, 38, 45, 21, 49, 0, 32, 5, 26, 29, 48, 29, 61, 38, 93, 98, 1, 24, 30, 25, 23, 40, 14, 31, 28, 11, 34, 40, 75, 7, 63, 28, 53, 47, 77, 21, 26, 47, 4],
  [7, 3, 43, 23, 40, 44, 89, 67, 44, 81, 37, 20, 69, 14, 36, 47, 42, 5, 7, 23, 39, 43, 88, 1, 26, 1, 78, 2, 40, 6, 94, 84, 51, 5, 19, 98, 98, 22, 29, 46, 7, 34, 45, 50, 75, 55, 69, 74, 20, 3, 7, 52, 4, 40, 49, 17, 48, 43, 74, 42, 16, 64, 94, 8, 53, 47, 3, 92, 85, 33, 25, 76, 45, 18, 97, 91, 62, 11, 62, 12, 99, 26, 8, 9, 74, 24, 48, 42, 21, 77, 13, 41, 3, 25, 1, 17, 32, 0, 61, 23, 58, 76, 6, 70, 2, 92, 44, 25, 60, 66, 100, 37, 70, 22, 5, 54, 28, 33, 77, 32, 98, 38, 60, 83, 37, 14, 10, 9, 1, 19],
  [14, 5, 68, 9, 6, 17, 5, 35, 30, 2, 38, 13, 4, 37, 23, 6, 28, 29, 27, 19, 14, 29, 32, 98, 68, 12, 8, 8, 16, 47, 33, 1, 37, 5, 23, 89, 10, 47, 6, 16, 35, 3, 10, 11, 25, 6, 4, 33, 23, 28, 79, 17, 73, 29, 18, 23, 43, 17, 49, 20, 15, 25, 43, 23, 42, 21, 30, 7, 3, 17, 64, 37, 48, 42, 12, 35, 43, 97, 18, 73, 7, 4, 97, 49, 47, 14, 21, 43, 84, 58, 78, 57, 85, 96, 27, 31, 5, 61, 0, 41, 11, 49, 47, 72, 42, 16, 21, 36, 18, 66, 17, 84, 4, 24, 30, 64, 43, 97, 4, 33, 36, 98, 67, 2, 42, 41, 80, 11, 1, 25],
  [35, 7, 8, 76, 50, 38, 10, 76, 24, 62, 55, 18, 32, 24, 88, 80, 16, 5, 64, 2, 19, 26, 19, 30, 49, 22, 34, 89, 10, 17, 18, 77, 15, 63, 50, 33, 79, 11, 40, 63, 26, 31, 51, 29, 16, 26, 20, 37, 47, 41, 49, 10, 14, 28, 91, 6, 70, 40, 46, 1, 36, 2, 38, 39, 36, 50, 42, 56, 16, 63, 39, 45, 48, 78, 29, 46, 46, 21, 6, 12, 96, 21, 14, 21, 87, 25, 31, 15, 4, 98, 72, 39, 3, 34, 82, 19, 26, 23, 41, 0, 33, 24, 2, 3, 24, 20, 36, 82, 48, 94, 100, 2, 63, 40, 67, 63, 15, 8, 12, 16, 1, 71, 21, 37, 47, 89, 92, 37, 33, 35],
  [76, 55, 70, 25, 43, 48, 48, 53, 2, 37, 24, 16, 18, 13, 95, 23, 30, 57, 42, 48, 47, 45, 23, 3, 22, 71, 26, 36, 53, 22, 24, 23, 42, 40, 35, 9, 20, 98, 45, 41, 26, 34, 92, 89, 39, 24, 72, 21, 6, 51, 44, 10, 44, 37, 15, 24, 53, 45, 100, 47, 41, 5, 69, 41, 90, 13, 18, 6, 54, 46, 19, 44, 65, 3, 95, 70, 23, 78, 16, 95, 13, 58, 74, 44, 12, 12, 15, 95, 34, 72, 81, 14, 44, 88, 73, 10, 29, 58, 11, 33, 0, 11, 93, 5, 98, 16, 59, 31, 99, 28, 5, 1, 15, 35, 60, 4, 99, 14, 44, 6, 4, 87, 86, 83, 39, 59, 39, 14, 40, 21],
  [35, 8, 11, 59, 18, 2, 1, 24, 32, 75, 13, 52, 42, 8, 34, 2, 22, 12, 21, 82, 34, 22, 21, 32, 25, 18, 42, 54, 27, 5, 44, 14, 45, 41, 69, 68, 67, 39, 35, 25, 14, 64, 16, 23, 42, 85, 22, 1, 2, 96, 66, 31, 45, 45, 63, 7, 45, 47, 4, 1, 39, 36, 43, 75, 38, 29, 55, 69, 41, 17, 39, 52, 97, 89, 33, 27, 29, 49, 29, 29, 61, 81, 31, 30, 52, 60, 44, 87, 19, 53, 66, 12, 34, 14, 70, 8, 48, 76, 49, 24, 11, 0, 65, 26, 46, 77, 41, 97, 42, 81, 56, 39, 36, 20, 57, 22, 60, 42, 81, 22, 33, 36, 76, 82, 15, 13, 9, 45, 37, 41],
  [9, 74, 40, 45, 76, 43, 48, 19, 11, 3, 47, 31, 6, 13, 17, 2, 18, 26, 6, 31, 9, 49, 22, 45, 36, 33, 3, 10, 81, 94, 5, 30, 69, 23, 52, 32, 53, 5, 63, 66, 12, 42, 48, 76, 54, 9, 14, 27, 3, 100, 1, 10, 4, 100, 32, 98, 12, 26, 6, 63, 5, 21, 10, 61, 14, 32, 42, 30, 2, 21, 15, 35, 15, 3, 24, 21, 68, 38, 96, 90, 14, 20, 69, 16, 87, 11, 48, 22, 21, 74, 65, 55, 33, 79, 47, 18, 29, 6, 47, 2, 93, 65, 0, 40, 72, 9, 93, 53, 53, 25, 82, 1, 4, 79, 36, 5, 57, 72, 36, 62, 100, 98, 24, 25, 64, 2, 40, 34, 42, 39],
  [40, 45, 28, 25, 29, 29, 15, 57, 30, 27, 42, 19, 30, 35, 70, 39, 92, 20, 23, 48, 26, 40, 32, 1, 34, 98, 27, 54, 15, 2, 35, 66, 73, 25, 91, 87, 50, 34, 36, 43, 51, 24, 11, 93, 33, 35, 31, 74, 31, 85, 47, 27, 34, 22, 8, 25, 18, 34, 70, 5, 27, 33, 4, 50, 75, 50, 18, 41, 8, 48, 69, 19, 75, 22, 11, 68, 91, 25, 86, 38, 21, 12, 18, 31, 91, 64, 45, 31, 24, 7, 27, 83, 3, 11, 12, 67, 61, 70, 72, 3, 5, 26, 40, 0, 74, 26, 56, 93, 81, 18, 17, 89, 18, 49, 11, 43, 32, 10, 71, 82, 16, 28, 14, 21, 42, 10, 16, 20, 20, 21],
  [72, 33, 39, 35, 2, 66, 26, 33, 46, 71, 8, 84, 81, 32, 71, 4, 42, 75, 11, 25, 32, 60, 24, 67, 9, 16, 13, 86, 61, 90, 33, 8, 32, 20, 53, 33, 14, 22, 32, 30, 45, 96, 55, 35, 77, 23, 25, 43, 89, 4, 50, 5, 36, 32, 3, 35, 21, 21, 7, 21, 19, 37, 39, 26, 54, 19, 24, 32, 15, 85, 14, 30, 34, 36, 28, 9, 93, 22, 45, 10, 85, 42, 20, 57, 26, 2, 17, 27, 26, 10, 64, 22, 49, 55, 10, 43, 38, 2, 42, 24, 98, 46, 72, 74, 0, 13, 85, 97, 27, 92, 27, 31, 22, 71, 48, 55, 37, 38, 15, 20, 44, 7, 14, 42, 32, 41, 15, 24, 7, 48],
  [84, 26, 15, 15, 32, 27, 13, 25, 61, 30, 30, 93, 14, 49, 1, 48, 88, 57, 36, 69, 27, 41, 32, 30, 19, 41, 22, 53, 27, 19, 40, 9, 95, 49, 13, 47, 96, 19, 35, 27, 39, 48, 32, 49, 21, 99, 35, 21, 30, 55, 84, 83, 69, 33, 6, 49, 8, 81, 26, 9, 1, 50, 48, 40, 11, 14, 52, 22, 10, 43, 73, 24, 96, 16, 18, 7, 10, 58, 4, 45, 3, 8, 18, 1, 93, 40, 41, 91, 92, 7, 26, 38, 23, 79, 16, 26, 93, 92, 16, 20, 16, 77, 9, 26, 13, 0, 33, 15, 91, 65, 56, 14, 54, 92, 1, 21, 6, 37, 22, 52, 5, 15, 15, 48, 35, 36, 26, 82, 29, 5],
  [69, 23, 51, 64, 18, 16, 65, 29, 27, 11, 66, 39, 36, 17, 36, 9, 30, 92, 86, 99, 13, 16, 59, 43, 65, 3, 1, 4, 10, 59, 14, 16, 44, 86, 39, 81, 26, 43, 47, 12, 43, 19, 30, 8, 43, 40, 99, 7, 42, 71, 10, 32, 27, 9, 39, 74, 28, 60, 45, 87, 28, 48, 19, 22, 19, 40, 23, 28, 5, 45, 45, 74, 43, 3, 12, 13, 34, 46, 32, 6, 43, 21, 34, 41, 20, 28, 22, 36, 10, 68, 53, 39, 23, 58, 39, 29, 98, 44, 21, 36, 59, 41, 93, 56, 85, 33, 0, 91, 42, 12, 11, 43, 3, 26, 52, 41, 24, 35, 2, 19, 78, 78, 7, 42, 92, 84, 6, 33, 15, 16],
  [48, 14, 97, 24, 42, 36, 83, 38, 34, 99, 10, 44, 28, 43, 47, 49, 77, 85, 20, 8, 1, 9, 44, 18, 22, 53, 42, 2, 44, 20, 55, 75, 35, 16, 39, 6, 45, 86, 7, 95, 22, 74, 60, 92, 93, 5, 20, 77, 81, 51, 72, 29, 41, 80, 23, 35, 82, 61, 24, 42, 68, 15, 22, 22, 40, 42, 9, 40, 48, 79, 75, 91, 36, 32, 83, 50, 44, 24, 15, 39, 51, 59, 90, 40, 17, 7, 66, 27, 50, 42, 42, 16, 21, 47, 47, 62, 1, 25, 36, 82, 31, 97, 53, 93, 97, 15, 91, 0, 61, 17, 72, 27, 51, 7, 27, 4, 25, 11, 82, 15, 41, 52, 37, 53, 16, 87, 92, 31, 47, 28],
  [41, 16, 20, 69, 45, 28, 18, 25, 54, 5, 62, 45, 9, 39, 35, 97, 17, 17, 37, 60, 15, 92, 73, 29, 13, 39, 47, 48, 20, 1, 64, 66, 44, 36, 41, 93, 22, 93, 97, 79, 31, 8, 4, 100, 33, 89, 75, 25, 19, 87, 75, 79, 6, 50, 18, 43, 31, 28, 22, 89, 30, 45, 31, 98, 57, 21, 29, 49, 9, 5, 22, 20, 80, 6, 15, 3, 57, 85, 82, 34, 43, 43, 38, 9, 19, 5, 13, 11, 30, 21, 89, 89, 36, 14, 14, 93, 24, 60, 18, 48, 99, 42, 53, 81, 27, 91, 42, 61, 0, 46, 72, 6, 11, 48, 27, 90, 15, 47, 54, 7, 94, 96, 34, 7, 59, 47, 17, 97, 1, 27],
  [8, 48, 35, 18, 19, 21, 11, 28, 11, 4, 26, 11, 72, 35, 1, 50, 20, 42, 87, 43, 55, 20, 55, 34, 38, 73, 56, 55, 43, 43, 40, 71, 62, 60, 45, 8, 30, 9, 29, 6, 20, 90, 39, 2, 85, 73, 92, 25, 35, 13, 4, 90, 85, 38, 19, 57, 44, 26, 49, 40, 58, 25, 99, 9, 4, 33, 12, 5, 13, 42, 29, 63, 17, 83, 4, 45, 11, 48, 27, 44, 53, 25, 88, 85, 65, 85, 83, 24, 75, 28, 26, 22, 21, 42, 73, 10, 30, 66, 66, 94, 28, 81, 25, 18, 92, 65, 12, 17, 46, 0, 49, 31, 81, 44, 78, 12, 45, 90, 43, 13, 16, 10, 75, 65, 94, 52, 15, 99, 47, 35],
  [18, 49, 27, 5, 60, 23, 39, 36, 9, 15, 48, 64, 1, 10, 82, 23, 41, 46, 45, 19, 33, 1, 72, 12, 32, 26, 71, 8, 22, 82, 7, 59, 39, 15, 55, 18, 5, 56, 69, 48, 90, 60, 30, 32, 44, 9, 53, 53, 22, 21, 7, 44, 43, 14, 62, 42, 27, 76, 96, 39, 5, 2, 52, 28, 22, 19, 22, 80, 33, 33, 91, 48, 20, 90, 24, 45, 17, 83, 65, 90, 12, 61, 33, 32, 42, 29, 6, 1, 3, 6, 57, 72, 8, 24, 91, 82, 25, 100, 17, 100, 5, 56, 82, 17, 27, 56, 11, 72, 72, 49, 0, 43, 34, 9, 36, 63, 32, 1, 73, 29, 63, 63, 33, 36, 66, 53, 14, 24, 85, 14],
  [37, 7, 31, 10, 17, 18, 7, 1, 6, 31, 14, 84, 49, 19, 37, 72, 25, 4, 87, 31, 31, 8, 3, 74, 36, 79, 8, 13, 77, 89, 95, 22, 42, 38, 49, 43, 74, 58, 58, 11, 68, 51, 64, 82, 12, 21, 40, 7, 96, 8, 31, 84, 18, 71, 98, 73, 37, 29, 2, 17, 82, 43, 23, 22, 63, 44, 82, 19, 46, 57, 5, 80, 3, 5, 58, 4, 24, 52, 42, 11, 26, 96, 30, 92, 61, 82, 16, 44, 64, 40, 42, 40, 49, 40, 15, 18, 23, 37, 84, 2, 1, 39, 1, 89, 31, 14, 43, 27, 6, 31, 43, 0, 42, 64, 81, 1, 4, 43, 68, 100, 95, 38, 33, 6, 46, 57, 19, 57, 29, 40],
  [48, 36, 21, 47, 33, 46, 27, 67, 63, 46, 20, 88, 48, 3, 7, 19, 48, 70, 83, 28, 32, 38, 22, 54, 93, 72, 23, 46, 28, 36, 76, 24, 71, 88, 25, 41, 31, 4, 40, 19, 29, 28, 13, 44, 44, 45, 12, 18, 38, 14, 68, 69, 64, 58, 30, 54, 68, 35, 44, 95, 97, 23, 8, 38, 8, 18, 44, 90, 28, 48, 88, 45, 47, 26, 3, 41, 26, 6, 29, 39, 48, 20, 2, 45, 22, 47, 69, 10, 4, 38, 41, 20, 45, 12, 42, 48, 40, 70, 4, 63, 15, 36, 4, 18, 22, 54, 3, 51, 11, 81, 34, 42, 0, 36, 21, 79, 30, 71, 23, 4, 23, 78, 2, 21, 10, 8, 99, 7, 96, 89],
  [21, 72, 27, 41, 49, 33, 18, 47, 36, 3, 20, 79, 44, 77, 61, 42, 10, 22, 21, 19, 26, 69, 45, 33, 82, 96, 40, 4, 41, 50, 77, 17, 43, 5, 95, 9, 57, 12, 90, 16, 14, 38, 81, 39, 43, 47, 54, 19, 42, 37, 20, 9, 49, 20, 23, 48, 13, 71, 18, 3, 5, 31, 9, 94, 14, 47, 21, 8, 11, 48, 90, 29, 17, 36, 74, 16, 2, 39, 11, 25, 4, 100, 46, 53, 81, 25, 69, 15, 8, 40, 17, 84, 13, 12, 39, 20, 14, 22, 24, 40, 35, 20, 79, 49, 71, 92, 26, 7, 48, 44, 9, 64, 36, 0, 34, 30, 51, 1, 30, 91, 72, 59, 9, 39, 18, 30, 14, 9, 38, 25],
  [15, 98, 56, 2, 7, 39, 22, 75, 84, 28, 31, 28, 44, 5, 19, 75, 28, 96, 24, 29, 30, 21, 18, 12, 93, 17, 67, 58, 49, 34, 7, 88, 69, 26, 17, 61, 61, 65, 19, 32, 21, 67, 88, 10, 37, 98, 42, 46, 42, 8, 26, 3, 1, 19, 89, 30, 41, 1, 12, 47, 55, 39, 19, 31, 62, 24, 45, 25, 63, 7, 10, 22, 54, 40, 79, 13, 29, 10, 45, 67, 4, 77, 25, 42, 6, 81, 36, 67, 29, 43, 96, 29, 8, 50, 15, 99, 31, 5, 30, 67, 60, 57, 36, 11, 48, 1, 52, 27, 27, 78, 36, 81, 21, 34, 0, 6, 59, 34, 3, 12, 61, 36, 49, 37, 15, 17, 92, 12, 37, 8],
  [44, 60, 22, 3, 96, 46, 45, 40, 29, 16, 76, 79, 37, 29, 45, 23, 57, 17, 5, 44, 7, 21, 81, 83, 3, 19, 38, 49, 39, 9, 89, 46, 2, 69, 6, 7, 35, 17, 64, 53, 29, 77, 13, 60, 55, 31, 67, 10, 8, 50, 87, 7, 36, 1, 77, 66, 41, 94, 73, 93, 27, 14, 53, 27, 85, 17, 33, 70, 50, 10, 16, 70, 69, 76, 79, 46, 51, 3, 61, 32, 87, 97, 48, 46, 43, 12, 32, 83, 7, 11, 4, 17, 23, 27, 7, 46, 28, 54, 64, 63, 4, 22, 5, 43, 55, 21, 41, 4, 90, 12, 63, 1, 79, 30, 6, 0, 29, 25, 14, 30, 25, 8, 60, 22, 20, 26, 15, 6, 23, 58],
  [50, 36, 8, 65, 80, 85, 96, 42, 77, 30, 11, 11, 48, 12, 38, 15, 11, 7, 41, 28, 74, 13, 42, 45, 71, 88, 1, 14, 75, 95, 65, 62, 89, 52, 53, 79, 25, 68, 77, 56, 29, 15, 37, 14, 49, 31, 4, 3, 30, 92, 48, 62, 39, 16, 15, 43, 48, 61, 78, 41, 2, 22, 13, 7, 84, 55, 19, 47, 21, 26, 37, 44, 26, 4, 16, 5, 88, 38, 30, 73, 23, 17, 85, 17, 45, 83, 2, 94, 93, 48, 48, 27, 25, 43, 20, 3, 11, 28, 43, 15, 99, 60, 57, 32, 37, 6, 24, 25, 15, 45, 32, 4, 30, 51, 59, 29, 0, 60, 60, 3, 4, 9, 35, 11, 39, 48, 81, 47, 70, 85],
  [17, 86, 77, 27, 69, 63, 100, 45, 8, 11, 73, 23, 29, 27, 88, 15, 9, 74, 22, 60, 16, 2, 5, 12, 100, 6, 70, 56, 22, 65, 87, 41, 58, 20, 54, 43, 11, 96, 34, 23, 30, 91, 38, 81, 9, 32, 21, 19, 44, 3, 58, 4, 66, 9, 1, 76, 31, 31, 46, 7, 34, 32, 35, 32, 30, 77, 75, 85, 60, 86, 46, 79, 15, 3, 7, 65, 68, 38, 34, 31, 63, 3, 95, 34, 41, 43, 48, 5, 95, 58, 72, 58, 30, 47, 2, 74, 34, 33, 97, 8, 14, 42, 72, 10, 38, 37, 35, 11, 47, 90, 1, 43, 71, 1, 34, 25, 60, 0, 46, 54, 91, 19, 42, 1, 11, 42, 56, 12, 6, 11],
  [70, 27, 79, 65, 15, 28, 16, 11, 18, 16, 44, 44, 24, 5, 60, 21, 14, 99, 31, 54, 29, 31, 65, 94, 45, 79, 90, 28, 25, 58, 13, 15, 4, 90, 33, 13, 36, 34, 81, 32, 66, 64, 34, 59, 95, 80, 46, 6, 20, 2, 4, 78, 83, 63, 45, 18, 5, 6, 100, 63, 81, 12, 24, 79, 30, 28, 29, 66, 100, 92, 93, 25, 97, 33, 8, 40, 20, 96, 68, 35, 41, 56, 28, 81, 31, 32, 24, 2, 4, 40, 45, 44, 38, 49, 29, 8, 40, 77, 4, 12, 44, 81, 36, 71, 15, 22, 2, 82, 54, 43, 73, 68, 23, 30, 3, 14, 60, 46, 0, 42, 11, 42, 28, 8, 1, 74, 72, 21, 71, 40],
  [92, 32, 77, 12, 16, 16, 21, 28, 43, 33, 9, 52, 32, 47, 62, 30, 79, 33, 47, 32, 81, 37, 19, 3, 33, 33, 96, 26, 91, 15, 62, 12, 46, 9, 22, 38, 16, 23, 28, 47, 12, 52, 46, 57, 23, 10, 5, 21, 31, 43, 5, 62, 23, 42, 46, 12, 42, 24, 29, 16, 8, 20, 7, 35, 42, 1, 99, 99, 70, 40, 81, 60, 6, 92, 40, 18, 25, 17, 90, 30, 49, 45, 47, 13, 14, 12, 12, 47, 72, 88, 86, 17, 5, 24, 82, 19, 75, 32, 33, 16, 6, 22, 62, 82, 20, 52, 19, 15, 7, 13, 29, 100, 4, 91, 12, 30, 3, 54, 42, 0, 55, 6, 34, 59, 44, 49, 20, 1, 48, 86],
  [92, 7, 7, 100, 64, 2, 79, 20, 2, 41, 68, 44, 19, 7, 72, 3, 2, 100, 17, 62, 26, 36, 36, 11, 34, 40, 22, 97, 54, 96, 16, 19, 84, 7, 40, 17, 19, 45, 47, 19, 6, 36, 46, 20, 14, 23, 83, 49, 34, 41, 75, 28, 38, 5, 58, 49, 39, 25, 36, 35, 24, 80, 99, 82, 31, 38, 64, 8, 39, 29, 3, 77, 12, 65, 46, 91, 10, 92, 33, 66, 70, 50, 96, 63, 32, 43, 28, 40, 3, 21, 23, 5, 3, 1, 31, 34, 7, 98, 36, 1, 4, 33, 100, 16, 44, 5, 78, 41, 94, 16, 63, 95, 23, 72, 61, 25, 4, 91, 11, 55, 0, 100, 2, 12, 47, 29, 47, 24, 38, 47],
  [6, 76, 48, 39, 42, 75, 36, 82, 36, 42, 11, 52, 21, 47, 96, 17, 40, 78, 18, 80, 15, 96, 69, 55, 27, 7, 50, 8, 14, 95, 64, 91, 100, 25, 4, 25, 48, 31, 13, 50, 33, 3, 11, 22, 81, 30, 14, 72, 2, 66, 23, 91, 86, 26, 9, 52, 76, 34, 17, 51, 72, 9, 89, 86, 37, 28, 99, 95, 19, 30, 60, 45, 48, 30, 63, 3, 74, 35, 45, 24, 87, 23, 46, 67, 2, 63, 73, 27, 12, 32, 42, 76, 74, 26, 49, 74, 63, 38, 98, 71, 87, 36, 98, 28, 7, 15, 78, 52, 96, 10, 63, 38, 78, 59, 36, 8, 9, 19, 42, 6, 100, 0, 7, 94, 40, 21, 13, 59, 66, 9],
  [71, 19, 47, 66, 50, 11, 88, 30, 29, 21, 74, 59, 15, 80, 93, 11, 19, 15, 3, 63, 6, 49, 89, 71, 90, 84, 73, 78, 47, 36, 8, 48, 35, 45, 46, 4, 13, 62, 12, 37, 40, 17, 8, 10, 65, 96, 35, 50, 27, 11, 6, 20, 15, 8, 79, 38, 41, 10, 45, 29, 22, 79, 33, 9, 69, 34, 26, 25, 45, 22, 28, 9, 58, 5, 11, 15, 17, 7, 45, 68, 67, 33, 5, 77, 19, 34, 20, 20, 4, 54, 19, 7, 1, 18, 13, 30, 28, 60, 67, 21, 86, 76, 24, 14, 14, 15, 7, 37, 34, 75, 33, 33, 2, 9, 49, 60, 35, 42, 28, 34, 2, 7, 0, 31, 2, 15, 91, 12, 7, 1],
  [91, 3, 18, 42, 47, 20, 69, 100, 24, 87, 18, 37, 6, 25, 51, 8, 51, 12, 11, 50, 48, 46, 46, 29, 41, 9, 38, 23, 27, 40, 25, 4, 37, 24, 29, 44, 44, 98, 21, 57, 28, 47, 41, 3, 27, 48, 12, 5, 33, 28, 68, 65, 26, 6, 8, 64, 63, 14, 71, 11, 27, 50, 8, 15, 74, 10, 55, 32, 43, 6, 16, 92, 7, 23, 17, 5, 29, 36, 5, 76, 38, 75, 24, 34, 98, 86, 44, 76, 22, 19, 19, 95, 39, 46, 95, 78, 53, 83, 2, 37, 83, 82, 25, 21, 42, 48, 42, 53, 7, 65, 36, 6, 21, 39, 37, 22, 11, 1, 8, 59, 12, 94, 31, 0, 23, 7, 69, 75, 22, 25],
  [51, 94, 59, 29, 16, 38, 18, 82, 79, 59, 95, 36, 28, 26, 5, 89, 60, 12, 98, 67, 32, 100, 80, 25, 12, 49, 32, 19, 37, 3, 41, 1, 34, 7, 1, 91, 17, 8, 81, 7, 20, 47, 38, 63, 38, 54, 91, 8, 34, 84, 29, 10, 10, 8, 57, 95, 35, 49, 48, 1, 16, 14, 66, 12, 23, 42, 31, 46, 37, 59, 33, 21, 36, 28, 6, 18, 62, 40, 28, 18, 20, 41, 46, 39, 19, 45, 35, 39, 49, 40, 41, 22, 16, 29, 39, 56, 47, 37, 42, 47, 39, 15, 64, 42, 32, 35, 92, 16, 59, 94, 66, 46, 10, 18, 15, 20, 39, 11, 1, 44, 47, 40, 2, 23, 0, 36, 9, 88, 64, 91],
  [16, 11, 79, 15, 29, 1, 12, 41, 11, 29, 24, 7, 58, 65, 53, 58, 7, 16, 49, 11, 13, 76, 36, 70, 9, 10, 17, 11, 56, 61, 84, 77, 64, 62, 59, 82, 28, 51, 89, 96, 61, 65, 41, 22, 46, 61, 54, 79, 7, 25, 65, 34, 41, 1, 50, 20, 49, 1, 13, 78, 43, 2, 26, 67, 95, 87, 19, 19, 100, 20, 97, 28, 31, 74, 86, 62, 38, 20, 44, 76, 12, 44, 27, 7, 45, 14, 82, 17, 90, 23, 22, 24, 3, 64, 11, 35, 77, 14, 41, 89, 59, 13, 2, 10, 41, 36, 84, 87, 47, 52, 53, 57, 8, 30, 17, 26, 48, 42, 74, 49, 29, 21, 15, 7, 36, 0, 53, 16, 42, 70],
  [5, 5, 37, 56, 80, 88, 47, 30, 43, 45, 37, 32, 14, 45, 93, 58, 2, 74, 8, 25, 39, 37, 48, 42, 73, 41, 6, 19, 7, 13, 36, 10, 42, 72, 52, 23, 27, 34, 38, 62, 35, 4, 30, 20, 79, 28, 36, 43, 74, 73, 35, 48, 12, 5, 19, 62, 41, 59, 4, 24, 46, 92, 13, 6, 8, 89, 12, 81, 86, 39, 47, 16, 32, 51, 84, 21, 25, 7, 6, 89, 48, 36, 51, 67, 13, 4, 2, 39, 52, 23, 30, 9, 52, 96, 16, 18, 21, 10, 80, 92, 39, 9, 40, 16, 15, 26, 6, 92, 17, 15, 14, 19, 99, 14, 92, 15, 81, 56, 72, 20, 47, 13, 91, 69, 9, 53, 0, 4, 14, 39],
  [82, 30, 37, 91, 29, 38, 24, 52, 41, 9, 8, 100, 28, 100, 32, 38, 24, 24, 5, 26, 66, 26, 97, 24, 38, 79, 16, 41, 25, 78, 10, 29, 64, 12, 97, 40, 3, 78, 5, 26, 72, 13, 39, 22, 54, 94, 42, 62, 37, 62, 27, 3, 27, 71, 22, 15, 54, 2, 70, 26, 9, 49, 12, 73, 92, 56, 15, 11, 27, 36, 40, 24, 2, 36, 42, 84, 46, 38, 37, 9, 21, 8, 70, 12, 10, 6, 66, 7, 56, 20, 72, 49, 58, 47, 1, 20, 26, 9, 11, 37, 14, 45, 34, 20, 24, 82, 33, 31, 97, 99, 24, 57, 7, 9, 12, 6, 47, 12, 21, 1, 24, 59, 12, 75, 88, 16, 4, 0, 13, 82],
  [24, 1, 91, 68, 81, 49, 42, 38, 17, 32, 8, 85, 43, 24, 2, 47, 13, 97, 5, 79, 11, 8, 6, 78, 39, 75, 32, 4, 54, 28, 15, 4, 22, 46, 89, 3, 27, 68, 94, 12, 33, 9, 15, 5, 7, 39, 1, 15, 36, 13, 33, 42, 1, 13, 72, 55, 15, 44, 35, 21, 36, 7, 13, 27, 73, 54, 16, 18, 4, 42, 15, 17, 46, 66, 28, 55, 32, 22, 58, 94, 29, 49, 11, 1, 86, 12, 32, 28, 68, 82, 91, 11, 42, 23, 7, 48, 47, 1, 1, 33, 40, 37, 42, 20, 7, 29, 15, 47, 1, 47, 85, 29, 96, 38, 37, 23, 70, 6, 71, 48, 38, 66, 7, 22, 64, 42, 14, 13, 0, 49],
  [12, 36, 4, 26, 9, 55, 70, 84, 2, 42, 37, 28, 10, 66, 51, 8, 14, 13, 81, 10, 68, 38, 17, 2, 58, 9, 12, 20, 87, 23, 20, 6, 19, 29, 24, 90, 30, 6, 74, 22, 29, 7, 14, 39, 97, 30, 37, 100, 69, 31, 10, 76, 6, 48, 62, 53, 58, 29, 45, 11, 29, 22, 30, 5, 33, 59, 88, 26, 30, 61, 64, 7, 69, 7, 83, 86, 11, 1, 99, 35, 49, 11, 42, 81, 31, 17, 5, 31, 47, 90, 29, 16, 37, 53, 44, 52, 4, 19, 25, 35, 21, 41, 39, 21, 48, 5, 16, 28, 27, 35, 14, 40, 89, 25, 8, 58, 85, 11, 40, 86, 47, 9, 1, 25, 91, 70, 39, 82, 49, 0],
];
