/*************************************************
 * Istanza Generata Random
 * N (Incroci) = 70
 * K (Modelli) = 50
 *************************************************/

N = 70;
K = 50;

P = [22, 75, 79, 67, 32, 62, 37, 61, 72, 91, 26, 53, 75, 25, 19, 68, 74, 53, 29, 89, 67, 74, 94, 57, 40, 33, 15, 16, 31, 81, 13, 14, 46, 79, 71, 39, 81, 13, 99, 96, 55, 29, 92, 56, 81, 81, 71, 10, 40, 51];
R = [2, 16, 7, 19, 5, 5, 32, 36, 15, 42, 49, 10, 34, 22, 2, 41, 22, 5, 34, 38, 23, 25, 4, 26, 20, 1, 33, 6, 44, 9, 1, 3, 40, 5, 33, 15, 14, 39, 24, 26, 3, 36, 30, 24, 17, 49, 22, 19, 31, 43];
A = [2, 3, 2, 6, 6, 2, 4, 2, 5, 5, 2, 5, 3, 6, 3, 4, 4, 4, 6, 4, 6, 5, 6, 6, 2, 6, 2, 3, 5, 6, 2, 5, 3, 4, 2, 5, 3, 3, 5, 4, 6, 5, 4, 5, 2, 3, 5, 6, 6, 2];
C = [3.09, 8.26, 3.23, 2.37, 3.67, 8.84, 6.81, 5.47, 4.03, 5.92, 5.72, 6.01, 1.83, 7.76, 4.55, 1.76, 6.31, 7.43, 1.11, 7.6, 9.69, 1.06, 6.2, 7.69, 7.18, 6.03, 9.31, 5.27, 6.98, 6.39, 9.06, 1.42, 3.32, 4.68, 2.2, 5.4, 9.72, 2.14, 9.57, 5.65, 6.13, 4.17, 3.58, 8.11, 4.36, 9.76, 9.58, 8.03, 2.45, 6.33];

M = [
  [0, 43, 21, 92, 27, 4, 41, 29, 78, 46, 47, 29, 22, 41, 30, 46, 73, 38, 99, 12, 71, 91, 37, 74, 59, 3, 16, 43, 57, 80, 24, 4, 15, 28, 35, 22, 46, 76, 10, 7, 30, 25, 47, 38, 14, 45, 42, 57, 14, 92, 44, 26, 57, 72, 62, 76, 43, 35, 28, 31, 18, 45, 99, 51, 10, 78, 65, 2, 48, 46],
  [43, 0, 48, 34, 18, 97, 12, 76, 47, 93, 81, 44, 11, 89, 100, 15, 12, 70, 49, 27, 36, 39, 22, 4, 51, 9, 43, 10, 26, 43, 74, 48, 25, 31, 100, 72, 12, 46, 42, 71, 2, 54, 17, 2, 14, 31, 40, 91, 34, 54, 69, 8, 43, 55, 25, 95, 63, 76, 60, 70, 41, 58, 40, 48, 40, 97, 47, 21, 76, 37],
  [21, 48, 0, 34, 14, 40, 72, 12, 40, 93, 8, 57, 22, 1, 99, 86, 12, 12, 23, 46, 19, 42, 3, 80, 59, 43, 92, 76, 34, 27, 60, 25, 27, 46, 2, 28, 68, 9, 93, 100, 3, 32, 69, 92, 12, 26, 31, 53, 29, 13, 4, 52, 23, 12, 78, 64, 8, 20, 21, 12, 44, 42, 45, 85, 3, 45, 75, 18, 80, 54],
  [92, 34, 34, 0, 30, 29, 18, 20, 23, 39, 79, 19, 75, 22, 36, 88, 92, 1, 31, 25, 47, 21, 98, 25, 86, 33, 61, 25, 6, 24, 73, 78, 52, 1, 4, 85, 22, 54, 76, 71, 81, 90, 83, 21, 22, 77, 54, 93, 94, 62, 40, 81, 4, 68, 93, 49, 12, 9, 20, 7, 71, 2, 31, 65, 19, 22, 81, 2, 3, 14],
  [27, 18, 14, 30, 0, 15, 37, 49, 41, 11, 41, 66, 79, 55, 10, 1, 52, 78, 64, 42, 25, 41, 99, 17, 25, 41, 34, 10, 29, 1, 49, 12, 52, 8, 28, 12, 21, 23, 36, 2, 25, 44, 5, 43, 77, 12, 82, 41, 25, 49, 9, 5, 42, 86, 18, 32, 32, 6, 18, 6, 25, 13, 2, 21, 23, 29, 20, 14, 6, 20],
  [4, 97, 40, 29, 15, 0, 96, 22, 8, 11, 10, 49, 70, 79, 30, 6, 55, 13, 99, 90, 10, 44, 48, 65, 8, 40, 12, 35, 10, 15, 41, 8, 44, 81, 47, 48, 38, 8, 6, 29, 43, 29, 40, 7, 9, 83, 88, 10, 50, 5, 31, 30, 85, 2, 7, 2, 8, 34, 83, 25, 53, 43, 26, 51, 47, 20, 21, 87, 43, 47],
  [41, 12, 72, 18, 37, 96, 0, 81, 88, 46, 68, 42, 28, 9, 48, 99, 25, 45, 13, 35, 22, 6, 40, 17, 40, 19, 11, 57, 55, 80, 57, 64, 37, 10, 96, 77, 11, 1, 49, 6, 6, 2, 22, 16, 13, 20, 4, 46, 30, 40, 39, 4, 39, 16, 84, 11, 97, 46, 9, 87, 83, 17, 27, 76, 67, 29, 45, 7, 60, 93],
  [29, 76, 12, 20, 49, 22, 81, 0, 21, 98, 11, 6, 24, 64, 48, 2, 23, 39, 16, 41, 59, 25, 51, 100, 53, 4, 43, 48, 38, 16, 22, 13, 9, 17, 71, 13, 8, 32, 91, 14, 46, 90, 33, 4, 14, 85, 81, 34, 57, 14, 80, 41, 4, 39, 36, 48, 74, 35, 26, 65, 55, 28, 22, 37, 19, 4, 49, 56, 3, 9],
  [78, 47, 40, 23, 41, 8, 88, 21, 0, 35, 48, 30, 26, 5, 47, 79, 66, 32, 45, 98, 5, 59, 18, 37, 44, 3, 47, 87, 37, 4, 30, 10, 76, 27, 26, 21, 49, 9, 34, 88, 17, 49, 19, 52, 26, 17, 1, 99, 35, 76, 39, 78, 60, 5, 38, 31, 20, 13, 32, 54, 67, 100, 83, 12, 69, 42, 48, 52, 8, 2],
  [46, 93, 93, 39, 11, 11, 46, 98, 35, 0, 3, 59, 37, 76, 14, 33, 57, 27, 21, 98, 16, 19, 12, 10, 45, 44, 82, 20, 10, 49, 8, 23, 15, 45, 5, 17, 68, 44, 7, 20, 95, 90, 36, 9, 30, 25, 88, 95, 71, 71, 76, 29, 31, 28, 29, 68, 25, 73, 83, 95, 44, 12, 46, 75, 36, 38, 92, 30, 30, 41],
  [47, 81, 8, 79, 41, 10, 68, 11, 48, 3, 0, 29, 85, 11, 6, 78, 57, 17, 18, 10, 45, 92, 90, 54, 48, 37, 44, 3, 18, 37, 46, 32, 67, 4, 68, 20, 86, 91, 10, 85, 43, 42, 47, 15, 22, 38, 33, 34, 17, 31, 42, 94, 14, 70, 27, 31, 18, 72, 90, 76, 100, 33, 21, 9, 41, 39, 2, 61, 28, 36],
  [29, 44, 57, 19, 66, 49, 42, 6, 30, 59, 29, 0, 33, 50, 81, 10, 37, 36, 40, 38, 4, 82, 27, 29, 99, 11, 5, 10, 56, 7, 96, 74, 21, 96, 22, 29, 61, 9, 22, 25, 31, 93, 16, 18, 28, 6, 5, 17, 5, 34, 12, 28, 85, 65, 32, 5, 38, 82, 4, 47, 86, 14, 28, 77, 16, 16, 38, 22, 64, 68],
  [22, 11, 22, 75, 79, 70, 28, 24, 26, 37, 85, 33, 0, 94, 22, 40, 38, 77, 26, 78, 34, 58, 28, 71, 10, 79, 11, 52, 8, 25, 25, 26, 29, 44, 48, 88, 29, 37, 98, 48, 31, 72, 12, 86, 49, 55, 54, 41, 27, 59, 13, 11, 20, 26, 3, 2, 22, 9, 45, 23, 31, 29, 11, 24, 36, 32, 44, 14, 43, 24],
  [41, 89, 1, 22, 55, 79, 9, 64, 5, 76, 11, 50, 94, 0, 39, 7, 8, 25, 97, 30, 41, 44, 40, 76, 74, 35, 2, 26, 17, 5, 33, 46, 80, 38, 31, 83, 35, 78, 24, 1, 28, 1, 27, 41, 38, 12, 70, 47, 89, 30, 82, 75, 20, 32, 33, 11, 14, 48, 26, 44, 28, 30, 33, 3, 48, 96, 16, 99, 2, 58],
  [30, 100, 99, 36, 10, 30, 48, 48, 47, 14, 6, 81, 22, 39, 0, 21, 30, 21, 24, 86, 14, 81, 48, 20, 62, 71, 4, 45, 46, 41, 2, 3, 71, 43, 6, 10, 6, 21, 74, 48, 59, 54, 8, 19, 21, 85, 4, 35, 38, 1, 59, 18, 31, 18, 40, 23, 67, 15, 11, 81, 3, 3, 15, 68, 87, 95, 40, 3, 24, 41],
  [46, 15, 86, 88, 1, 6, 99, 2, 79, 33, 78, 10, 40, 7, 21, 0, 21, 65, 15, 49, 90, 94, 25, 41, 34, 52, 60, 22, 19, 99, 28, 39, 14, 31, 96, 45, 12, 1, 45, 29, 32, 21, 39, 5, 26, 81, 21, 3, 29, 26, 71, 24, 13, 38, 98, 32, 29, 6, 20, 19, 56, 34, 28, 79, 27, 40, 39, 81, 44, 53],
  [73, 12, 12, 92, 52, 55, 25, 23, 66, 57, 57, 37, 38, 8, 30, 21, 0, 86, 9, 31, 6, 74, 17, 50, 27, 34, 56, 55, 44, 5, 55, 29, 9, 92, 59, 60, 49, 41, 11, 42, 72, 1, 32, 16, 8, 24, 19, 97, 13, 10, 28, 64, 31, 11, 83, 23, 64, 23, 11, 30, 26, 46, 8, 6, 19, 77, 60, 21, 26, 10],
  [38, 70, 12, 1, 78, 13, 45, 39, 32, 27, 17, 36, 77, 25, 21, 65, 86, 0, 12, 32, 42, 18, 1, 39, 41, 6, 38, 85, 87, 87, 2, 16, 87, 81, 9, 22, 12, 5, 32, 100, 69, 13, 57, 78, 46, 59, 96, 39, 18, 45, 1, 27, 76, 29, 35, 35, 24, 78, 1, 36, 94, 8, 35, 37, 32, 71, 27, 11, 48, 16],
  [99, 49, 23, 31, 64, 99, 13, 16, 45, 21, 18, 40, 26, 97, 24, 15, 9, 12, 0, 34, 34, 1, 80, 12, 29, 72, 25, 2, 36, 69, 19, 65, 63, 44, 23, 32, 5, 37, 20, 20, 38, 18, 41, 41, 14, 44, 92, 35, 100, 49, 34, 48, 58, 91, 53, 48, 48, 42, 34, 49, 19, 6, 2, 80, 46, 46, 43, 74, 8, 57],
  [12, 27, 46, 25, 42, 90, 35, 41, 98, 98, 10, 38, 78, 30, 86, 49, 31, 32, 34, 0, 15, 5, 88, 37, 17, 65, 39, 100, 32, 6, 96, 82, 44, 9, 10, 34, 4, 8, 50, 1, 42, 51, 24, 46, 6, 80, 5, 75, 58, 17, 59, 73, 46, 45, 13, 91, 6, 40, 85, 33, 32, 40, 77, 12, 61, 18, 31, 5, 56, 95],
  [71, 36, 19, 47, 25, 10, 22, 59, 5, 16, 45, 4, 34, 41, 14, 90, 6, 42, 34, 15, 0, 3, 52, 81, 38, 19, 49, 30, 22, 23, 16, 50, 4, 61, 78, 42, 7, 90, 36, 20, 28, 3, 12, 4, 12, 62, 48, 30, 61, 31, 64, 49, 9, 46, 65, 48, 35, 41, 15, 22, 74, 52, 37, 45, 7, 16, 21, 11, 5, 48],
  [91, 39, 42, 21, 41, 44, 6, 25, 59, 19, 92, 82, 58, 44, 81, 94, 74, 18, 1, 5, 3, 0, 94, 72, 23, 79, 31, 97, 12, 34, 6, 29, 25, 49, 2, 88, 19, 47, 6, 52, 87, 71, 69, 16, 25, 33, 14, 82, 66, 75, 37, 42, 69, 75, 40, 97, 27, 39, 23, 26, 35, 30, 23, 19, 8, 47, 23, 91, 46, 86],
  [37, 22, 3, 98, 99, 48, 40, 51, 18, 12, 90, 27, 28, 40, 48, 25, 17, 1, 80, 88, 52, 94, 0, 76, 32, 11, 53, 66, 28, 32, 47, 39, 9, 38, 42, 98, 15, 66, 26, 52, 19, 46, 37, 24, 10, 8, 1, 28, 31, 20, 50, 8, 75, 62, 5, 16, 52, 84, 46, 49, 19, 74, 6, 54, 8, 14, 22, 27, 52, 15],
  [74, 4, 80, 25, 17, 65, 17, 100, 37, 10, 54, 29, 71, 76, 20, 41, 50, 39, 12, 37, 81, 72, 76, 0, 19, 58, 40, 1, 39, 40, 34, 29, 13, 4, 3, 63, 100, 97, 48, 68, 21, 87, 4, 53, 95, 21, 15, 43, 10, 33, 52, 14, 99, 44, 42, 78, 92, 70, 11, 62, 44, 13, 65, 80, 28, 81, 81, 60, 39, 92],
  [59, 51, 59, 86, 25, 8, 40, 53, 44, 45, 48, 99, 10, 74, 62, 34, 27, 41, 29, 17, 38, 23, 32, 19, 0, 1, 26, 74, 14, 6, 25, 5, 41, 32, 21, 94, 18, 37, 98, 61, 6, 57, 18, 25, 18, 52, 87, 11, 4, 95, 61, 64, 21, 30, 6, 10, 11, 3, 39, 22, 49, 33, 25, 10, 92, 5, 58, 39, 16, 40],
  [3, 9, 43, 33, 41, 40, 19, 4, 3, 44, 37, 11, 79, 35, 71, 52, 34, 6, 72, 65, 19, 79, 11, 58, 1, 0, 90, 58, 20, 56, 30, 4, 65, 44, 75, 8, 32, 33, 46, 57, 32, 77, 61, 32, 94, 50, 16, 90, 33, 41, 36, 89, 11, 48, 95, 25, 24, 11, 100, 70, 32, 28, 8, 2, 49, 94, 3, 79, 31, 48],
  [16, 43, 92, 61, 34, 12, 11, 43, 47, 82, 44, 5, 11, 2, 4, 60, 56, 38, 25, 39, 49, 31, 53, 40, 26, 90, 0, 12, 16, 20, 9, 14, 25, 42, 43, 94, 27, 66, 72, 91, 66, 95, 18, 16, 91, 34, 34, 32, 47, 39, 25, 6, 92, 67, 45, 54, 95, 41, 27, 38, 29, 44, 25, 33, 63, 44, 27, 93, 73, 59],
  [43, 10, 76, 25, 10, 35, 57, 48, 87, 20, 3, 10, 52, 26, 45, 22, 55, 85, 2, 100, 30, 97, 66, 1, 74, 58, 12, 0, 14, 28, 11, 40, 66, 31, 87, 99, 28, 82, 33, 45, 29, 95, 59, 10, 11, 63, 27, 21, 82, 95, 1, 18, 7, 22, 26, 69, 8, 70, 38, 21, 8, 13, 35, 36, 87, 36, 50, 39, 57, 40],
  [57, 26, 34, 6, 29, 10, 55, 38, 37, 10, 18, 56, 8, 17, 46, 19, 44, 87, 36, 32, 22, 12, 28, 39, 14, 20, 16, 14, 0, 99, 30, 41, 21, 1, 75, 51, 46, 16, 77, 14, 9, 5, 20, 20, 3, 16, 58, 30, 4, 27, 4, 92, 22, 26, 6, 21, 33, 66, 7, 42, 34, 2, 43, 22, 73, 61, 35, 48, 80, 8],
  [80, 43, 27, 24, 1, 15, 80, 16, 4, 49, 37, 7, 25, 5, 41, 99, 5, 87, 69, 6, 23, 34, 32, 40, 6, 56, 20, 28, 99, 0, 36, 100, 10, 2, 45, 46, 19, 34, 24, 63, 2, 12, 26, 21, 64, 33, 31, 52, 33, 11, 32, 7, 4, 32, 86, 23, 3, 40, 39, 46, 17, 99, 82, 17, 40, 10, 19, 78, 36, 100],
  [24, 74, 60, 73, 49, 41, 57, 22, 30, 8, 46, 96, 25, 33, 2, 28, 55, 2, 19, 96, 16, 6, 47, 34, 25, 30, 9, 11, 30, 36, 0, 13, 16, 1, 19, 57, 88, 36, 44, 37, 97, 11, 8, 42, 14, 84, 19, 27, 68, 7, 26, 20, 85, 3, 81, 16, 14, 35, 40, 12, 22, 26, 49, 94, 58, 52, 14, 81, 35, 26],
  [4, 48, 25, 78, 12, 8, 64, 13, 10, 23, 32, 74, 26, 46, 3, 39, 29, 16, 65, 82, 50, 29, 39, 29, 5, 4, 14, 40, 41, 100, 13, 0, 17, 35, 22, 94, 10, 6, 26, 68, 12, 87, 97, 21, 30, 34, 36, 27, 47, 66, 71, 26, 39, 33, 9, 44, 10, 32, 55, 99, 53, 29, 75, 68, 47, 38, 5, 17, 13, 3],
  [15, 25, 27, 52, 52, 44, 37, 9, 76, 15, 67, 21, 29, 80, 71, 14, 9, 87, 63, 44, 4, 25, 9, 13, 41, 65, 25, 66, 21, 10, 16, 17, 0, 29, 77, 94, 41, 20, 88, 33, 39, 33, 43, 12, 34, 30, 24, 42, 2, 14, 7, 24, 34, 33, 28, 88, 3, 20, 22, 61, 97, 63, 79, 100, 28, 12, 21, 15, 57, 20],
  [28, 31, 46, 1, 8, 81, 10, 17, 27, 45, 4, 96, 44, 38, 43, 31, 92, 81, 44, 9, 61, 49, 38, 4, 32, 44, 42, 31, 1, 2, 1, 35, 29, 0, 51, 22, 74, 47, 16, 31, 34, 54, 47, 3, 76, 65, 16, 70, 56, 66, 68, 39, 40, 35, 39, 16, 72, 9, 9, 17, 33, 49, 30, 2, 18, 23, 28, 88, 56, 42],
  [35, 100, 2, 4, 28, 47, 96, 71, 26, 5, 68, 22, 48, 31, 6, 96, 59, 9, 23, 10, 78, 2, 42, 3, 21, 75, 43, 87, 75, 45, 19, 22, 77, 51, 0, 10, 5, 45, 22, 3, 81, 41, 90, 23, 71, 41, 51, 28, 31, 2, 4, 2, 37, 91, 91, 43, 43, 40, 44, 33, 32, 21, 29, 24, 43, 8, 14, 36, 16, 50],
  [22, 72, 28, 85, 12, 48, 77, 13, 21, 17, 20, 29, 88, 83, 10, 45, 60, 22, 32, 34, 42, 88, 98, 63, 94, 8, 94, 99, 51, 46, 57, 94, 94, 22, 10, 0, 47, 33, 72, 38, 42, 44, 85, 25, 33, 19, 49, 25, 33, 29, 37, 53, 4, 40, 33, 76, 38, 22, 70, 40, 17, 47, 48, 12, 43, 2, 38, 81, 10, 41],
  [46, 12, 68, 22, 21, 38, 11, 8, 49, 68, 86, 61, 29, 35, 6, 12, 49, 12, 5, 4, 7, 19, 15, 100, 18, 32, 27, 28, 46, 19, 88, 10, 41, 74, 5, 47, 0, 51, 25, 3, 85, 4, 47, 17, 13, 6, 55, 22, 91, 70, 36, 8, 29, 36, 49, 75, 25, 74, 27, 21, 45, 39, 41, 58, 12, 81, 32, 85, 72, 29],
  [76, 46, 9, 54, 23, 8, 1, 32, 9, 44, 91, 9, 37, 78, 21, 1, 41, 5, 37, 8, 90, 47, 66, 97, 37, 33, 66, 82, 16, 34, 36, 6, 20, 47, 45, 33, 51, 0, 30, 47, 1, 4, 8, 47, 10, 96, 82, 34, 25, 20, 21, 11, 7, 21, 30, 35, 20, 39, 43, 98, 85, 95, 18, 27, 28, 87, 65, 29, 12, 9],
  [10, 42, 93, 76, 36, 6, 49, 91, 34, 7, 10, 22, 98, 24, 74, 45, 11, 32, 20, 50, 36, 6, 26, 48, 98, 46, 72, 33, 77, 24, 44, 26, 88, 16, 22, 72, 25, 30, 0, 59, 28, 18, 27, 70, 3, 32, 15, 80, 3, 31, 35, 84, 13, 30, 33, 12, 42, 17, 6, 48, 13, 10, 5, 16, 10, 15, 9, 72, 46, 89],
  [7, 71, 100, 71, 2, 29, 6, 14, 88, 20, 85, 25, 48, 1, 48, 29, 42, 100, 20, 1, 20, 52, 52, 68, 61, 57, 91, 45, 14, 63, 37, 68, 33, 31, 3, 38, 3, 47, 59, 0, 48, 25, 73, 85, 19, 22, 99, 12, 27, 20, 14, 20, 14, 3, 21, 23, 41, 24, 35, 79, 11, 37, 40, 7, 65, 70, 3, 70, 98, 64],
  [30, 2, 3, 81, 25, 43, 6, 46, 17, 95, 43, 31, 31, 28, 59, 32, 72, 69, 38, 42, 28, 87, 19, 21, 6, 32, 66, 29, 9, 2, 97, 12, 39, 34, 81, 42, 85, 1, 28, 48, 0, 17, 17, 20, 90, 77, 44, 41, 80, 31, 42, 18, 49, 24, 34, 4, 47, 41, 38, 6, 14, 5, 46, 64, 26, 100, 26, 42, 23, 25],
  [25, 54, 32, 90, 44, 29, 2, 90, 49, 90, 42, 93, 72, 1, 54, 21, 1, 13, 18, 51, 3, 71, 46, 87, 57, 77, 95, 95, 5, 12, 11, 87, 33, 54, 41, 44, 4, 4, 18, 25, 17, 0, 59, 67, 4, 13, 9, 26, 28, 79, 83, 94, 30, 100, 16, 15, 42, 47, 27, 99, 44, 6, 38, 38, 49, 15, 40, 6, 42, 58],
  [47, 17, 69, 83, 5, 40, 22, 33, 19, 36, 47, 16, 12, 27, 8, 39, 32, 57, 41, 24, 12, 69, 37, 4, 18, 61, 18, 59, 20, 26, 8, 97, 43, 47, 90, 85, 47, 8, 27, 73, 17, 59, 0, 12, 51, 8, 48, 29, 32, 4, 91, 40, 28, 40, 4, 40, 32, 23, 46, 37, 35, 86, 64, 3, 79, 17, 37, 58, 35, 3],
  [38, 2, 92, 21, 43, 7, 16, 4, 52, 9, 15, 18, 86, 41, 19, 5, 16, 78, 41, 46, 4, 16, 24, 53, 25, 32, 16, 10, 20, 21, 42, 21, 12, 3, 23, 25, 17, 47, 70, 85, 20, 67, 12, 0, 15, 10, 22, 47, 46, 87, 66, 6, 22, 44, 35, 6, 19, 47, 27, 18, 2, 61, 41, 8, 24, 53, 22, 32, 93, 30],
  [14, 14, 12, 22, 77, 9, 13, 14, 26, 30, 22, 28, 49, 38, 21, 26, 8, 46, 14, 6, 12, 25, 10, 95, 18, 94, 91, 11, 3, 64, 14, 30, 34, 76, 71, 33, 13, 10, 3, 19, 90, 4, 51, 15, 0, 24, 95, 18, 47, 56, 79, 40, 26, 25, 86, 33, 12, 62, 86, 12, 42, 100, 38, 27, 92, 79, 66, 44, 30, 91],
  [45, 31, 26, 77, 12, 83, 20, 85, 17, 25, 38, 6, 55, 12, 85, 81, 24, 59, 44, 80, 62, 33, 8, 21, 52, 50, 34, 63, 16, 33, 84, 34, 30, 65, 41, 19, 6, 96, 32, 22, 77, 13, 8, 10, 24, 0, 24, 11, 6, 6, 61, 44, 16, 22, 48, 43, 57, 74, 56, 31, 28, 91, 98, 11, 74, 19, 57, 17, 7, 36],
  [42, 40, 31, 54, 82, 88, 4, 81, 1, 88, 33, 5, 54, 70, 4, 21, 19, 96, 92, 5, 48, 14, 1, 15, 87, 16, 34, 27, 58, 31, 19, 36, 24, 16, 51, 49, 55, 82, 15, 99, 44, 9, 48, 22, 95, 24, 0, 74, 61, 2, 8, 27, 91, 68, 40, 8, 6, 26, 40, 32, 38, 7, 32, 48, 18, 18, 80, 11, 13, 49],
  [57, 91, 53, 93, 41, 10, 46, 34, 99, 95, 34, 17, 41, 47, 35, 3, 97, 39, 35, 75, 30, 82, 28, 43, 11, 90, 32, 21, 30, 52, 27, 27, 42, 70, 28, 25, 22, 34, 80, 12, 41, 26, 29, 47, 18, 11, 74, 0, 78, 33, 57, 44, 92, 5, 24, 80, 30, 41, 28, 75, 91, 23, 92, 72, 78, 67, 20, 41, 66, 15],
  [14, 34, 29, 94, 25, 50, 30, 57, 35, 71, 17, 5, 27, 89, 38, 29, 13, 18, 100, 58, 61, 66, 31, 10, 4, 33, 47, 82, 4, 33, 68, 47, 2, 56, 31, 33, 91, 25, 3, 27, 80, 28, 32, 46, 47, 6, 61, 78, 0, 96, 100, 85, 67, 74, 28, 37, 30, 13, 27, 42, 33, 83, 80, 41, 9, 32, 73, 11, 7, 42],
  [92, 54, 13, 62, 49, 5, 40, 14, 76, 71, 31, 34, 59, 30, 1, 26, 10, 45, 49, 17, 31, 75, 20, 33, 95, 41, 39, 95, 27, 11, 7, 66, 14, 66, 2, 29, 70, 20, 31, 20, 31, 79, 4, 87, 56, 6, 2, 33, 96, 0, 30, 6, 71, 45, 22, 76, 2, 84, 13, 53, 41, 28, 56, 46, 31, 90, 52, 95, 78, 33],
  [44, 69, 4, 40, 9, 31, 39, 80, 39, 76, 42, 12, 13, 82, 59, 71, 28, 1, 34, 59, 64, 37, 50, 52, 61, 36, 25, 1, 4, 32, 26, 71, 7, 68, 4, 37, 36, 21, 35, 14, 42, 83, 91, 66, 79, 61, 8, 57, 100, 30, 0, 64, 10, 71, 7, 2, 2, 36, 65, 63, 11, 45, 34, 22, 41, 30, 45, 20, 44, 43],
  [26, 8, 52, 81, 5, 30, 4, 41, 78, 29, 94, 28, 11, 75, 18, 24, 64, 27, 48, 73, 49, 42, 8, 14, 64, 89, 6, 18, 92, 7, 20, 26, 24, 39, 2, 53, 8, 11, 84, 20, 18, 94, 40, 6, 40, 44, 27, 44, 85, 6, 64, 0, 31, 64, 17, 59, 74, 40, 10, 7, 31, 37, 6, 67, 8, 27, 48, 82, 34, 35],
  [57, 43, 23, 4, 42, 85, 39, 4, 60, 31, 14, 85, 20, 20, 31, 13, 31, 76, 58, 46, 9, 69, 75, 99, 21, 11, 92, 7, 22, 4, 85, 39, 34, 40, 37, 4, 29, 7, 13, 14, 49, 30, 28, 22, 26, 16, 91, 92, 67, 71, 10, 31, 0, 19, 11, 12, 46, 5, 29, 29, 91, 58, 4, 38, 21, 18, 14, 49, 26, 4],
  [72, 55, 12, 68, 86, 2, 16, 39, 5, 28, 70, 65, 26, 32, 18, 38, 11, 29, 91, 45, 46, 75, 62, 44, 30, 48, 67, 22, 26, 32, 3, 33, 33, 35, 91, 40, 36, 21, 30, 3, 24, 100, 40, 44, 25, 22, 68, 5, 74, 45, 71, 64, 19, 0, 31, 39, 60, 90, 97, 65, 52, 21, 38, 3, 2, 46, 5, 42, 1, 18],
  [62, 25, 78, 93, 18, 7, 84, 36, 38, 29, 27, 32, 3, 33, 40, 98, 83, 35, 53, 13, 65, 40, 5, 42, 6, 95, 45, 26, 6, 86, 81, 9, 28, 39, 91, 33, 49, 30, 33, 21, 34, 16, 4, 35, 86, 48, 40, 24, 28, 22, 7, 17, 11, 31, 0, 33, 29, 34, 40, 100, 36, 18, 81, 1, 18, 22, 1, 70, 37, 85],
  [76, 95, 64, 49, 32, 2, 11, 48, 31, 68, 31, 5, 2, 11, 23, 32, 23, 35, 48, 91, 48, 97, 16, 78, 10, 25, 54, 69, 21, 23, 16, 44, 88, 16, 43, 76, 75, 35, 12, 23, 4, 15, 40, 6, 33, 43, 8, 80, 37, 76, 2, 59, 12, 39, 33, 0, 63, 46, 42, 31, 74, 31, 1, 35, 51, 78, 59, 17, 13, 32],
  [43, 63, 8, 12, 32, 8, 97, 74, 20, 25, 18, 38, 22, 14, 67, 29, 64, 24, 48, 6, 35, 27, 52, 92, 11, 24, 95, 8, 33, 3, 14, 10, 3, 72, 43, 38, 25, 20, 42, 41, 47, 42, 32, 19, 12, 57, 6, 30, 30, 2, 2, 74, 46, 60, 29, 63, 0, 12, 31, 20, 27, 81, 69, 17, 65, 10, 71, 9, 11, 17],
  [35, 76, 20, 9, 6, 34, 46, 35, 13, 73, 72, 82, 9, 48, 15, 6, 23, 78, 42, 40, 41, 39, 84, 70, 3, 11, 41, 70, 66, 40, 35, 32, 20, 9, 40, 22, 74, 39, 17, 24, 41, 47, 23, 47, 62, 74, 26, 41, 13, 84, 36, 40, 5, 90, 34, 46, 12, 0, 45, 47, 11, 83, 11, 6, 58, 18, 64, 94, 91, 43],
  [28, 60, 21, 20, 18, 83, 9, 26, 32, 83, 90, 4, 45, 26, 11, 20, 11, 1, 34, 85, 15, 23, 46, 11, 39, 100, 27, 38, 7, 39, 40, 55, 22, 9, 44, 70, 27, 43, 6, 35, 38, 27, 46, 27, 86, 56, 40, 28, 27, 13, 65, 10, 29, 97, 40, 42, 31, 45, 0, 93, 18, 75, 44, 97, 16, 67, 10, 91, 35, 37],
  [31, 70, 12, 7, 6, 25, 87, 65, 54, 95, 76, 47, 23, 44, 81, 19, 30, 36, 49, 33, 22, 26, 49, 62, 22, 70, 38, 21, 42, 46, 12, 99, 61, 17, 33, 40, 21, 98, 48, 79, 6, 99, 37, 18, 12, 31, 32, 75, 42, 53, 63, 7, 29, 65, 100, 31, 20, 47, 93, 0, 97, 8, 31, 8, 14, 5, 97, 13, 7, 43],
  [18, 41, 44, 71, 25, 53, 83, 55, 67, 44, 100, 86, 31, 28, 3, 56, 26, 94, 19, 32, 74, 35, 19, 44, 49, 32, 29, 8, 34, 17, 22, 53, 97, 33, 32, 17, 45, 85, 13, 11, 14, 44, 35, 2, 42, 28, 38, 91, 33, 41, 11, 31, 91, 52, 36, 74, 27, 11, 18, 97, 0, 36, 13, 88, 81, 50, 33, 88, 13, 45],
  [45, 58, 42, 2, 13, 43, 17, 28, 100, 12, 33, 14, 29, 30, 3, 34, 46, 8, 6, 40, 52, 30, 74, 13, 33, 28, 44, 13, 2, 99, 26, 29, 63, 49, 21, 47, 39, 95, 10, 37, 5, 6, 86, 61, 100, 91, 7, 23, 83, 28, 45, 37, 58, 21, 18, 31, 81, 83, 75, 8, 36, 0, 95, 53, 44, 18, 22, 70, 42, 31],
  [99, 40, 45, 31, 2, 26, 27, 22, 83, 46, 21, 28, 11, 33, 15, 28, 8, 35, 2, 77, 37, 23, 6, 65, 25, 8, 25, 35, 43, 82, 49, 75, 79, 30, 29, 48, 41, 18, 5, 40, 46, 38, 64, 41, 38, 98, 32, 92, 80, 56, 34, 6, 4, 38, 81, 1, 69, 11, 44, 31, 13, 95, 0, 27, 34, 79, 78, 22, 97, 39],
  [51, 48, 85, 65, 21, 51, 76, 37, 12, 75, 9, 77, 24, 3, 68, 79, 6, 37, 80, 12, 45, 19, 54, 80, 10, 2, 33, 36, 22, 17, 94, 68, 100, 2, 24, 12, 58, 27, 16, 7, 64, 38, 3, 8, 27, 11, 48, 72, 41, 46, 22, 67, 38, 3, 1, 35, 17, 6, 97, 8, 88, 53, 27, 0, 9, 96, 3, 28, 60, 3],
  [10, 40, 3, 19, 23, 47, 67, 19, 69, 36, 41, 16, 36, 48, 87, 27, 19, 32, 46, 61, 7, 8, 8, 28, 92, 49, 63, 87, 73, 40, 58, 47, 28, 18, 43, 43, 12, 28, 10, 65, 26, 49, 79, 24, 92, 74, 18, 78, 9, 31, 41, 8, 21, 2, 18, 51, 65, 58, 16, 14, 81, 44, 34, 9, 0, 31, 14, 70, 26, 26],
  [78, 97, 45, 22, 29, 20, 29, 4, 42, 38, 39, 16, 32, 96, 95, 40, 77, 71, 46, 18, 16, 47, 14, 81, 5, 94, 44, 36, 61, 10, 52, 38, 12, 23, 8, 2, 81, 87, 15, 70, 100, 15, 17, 53, 79, 19, 18, 67, 32, 90, 30, 27, 18, 46, 22, 78, 10, 18, 67, 5, 50, 18, 79, 96, 31, 0, 8, 8, 1, 39],
  [65, 47, 75, 81, 20, 21, 45, 49, 48, 92, 2, 38, 44, 16, 40, 39, 60, 27, 43, 31, 21, 23, 22, 81, 58, 3, 27, 50, 35, 19, 14, 5, 21, 28, 14, 38, 32, 65, 9, 3, 26, 40, 37, 22, 66, 57, 80, 20, 73, 52, 45, 48, 14, 5, 1, 59, 71, 64, 10, 97, 33, 22, 78, 3, 14, 8, 0, 20, 39, 28],
  [2, 21, 18, 2, 14, 87, 7, 56, 52, 30, 61, 22, 14, 99, 3, 81, 21, 11, 74, 5, 11, 91, 27, 60, 39, 79, 93, 39, 48, 78, 81, 17, 15, 88, 36, 81, 85, 29, 72, 70, 42, 6, 58, 32, 44, 17, 11, 41, 11, 95, 20, 82, 49, 42, 70, 17, 9, 94, 91, 13, 88, 70, 22, 28, 70, 8, 20, 0, 77, 47],
  [48, 76, 80, 3, 6, 43, 60, 3, 8, 30, 28, 64, 43, 2, 24, 44, 26, 48, 8, 56, 5, 46, 52, 39, 16, 31, 73, 57, 80, 36, 35, 13, 57, 56, 16, 10, 72, 12, 46, 98, 23, 42, 35, 93, 30, 7, 13, 66, 7, 78, 44, 34, 26, 1, 37, 13, 11, 91, 35, 7, 13, 42, 97, 60, 26, 1, 39, 77, 0, 28],
  [46, 37, 54, 14, 20, 47, 93, 9, 2, 41, 36, 68, 24, 58, 41, 53, 10, 16, 57, 95, 48, 86, 15, 92, 40, 48, 59, 40, 8, 100, 26, 3, 20, 42, 50, 41, 29, 9, 89, 64, 25, 58, 3, 30, 91, 36, 49, 15, 42, 33, 43, 35, 4, 18, 85, 32, 17, 43, 37, 43, 45, 31, 39, 3, 26, 39, 28, 47, 28, 0],
];
